195	195	195	195	196	196	196	196	196	196	196	196	197	197	197	197	196	196	196	196	196	196	196	196	197	197	197	197	197	197	197	197	197	197	197	197	197	197	197	197	198	198	198	198	198	198	198	198	198	198	198	198	198	198	198	198	198	198	198	198	199	199	199	199	198	198	198	198	198	198	198	198	199	199	199	199	200	200	200	200	200	200	200	200	199	199	199	199	199	199	199	199	199	199	199	199	199	199	199	199	199	199	199	199	199	199	199	199	199	199	199	199	199	199	199	199	198	198	198	198	198	198	198	198	199	199	199	199	198	198	198	198	197	197	197	197	197	197	197	197	196	196	196	196	197	197	197	197	197	197
195	195	195	195	196	196	196	196	196	196	196	196	197	197	197	197	196	196	196	196	196	196	196	196	197	197	197	197	197	197	197	197	197	197	197	197	197	197	197	197	198	198	198	198	198	198	198	198	198	198	198	198	198	198	198	198	198	198	198	198	199	199	199	199	198	198	198	198	198	198	198	198	199	199	199	199	200	200	200	200	200	200	200	200	199	199	199	199	199	199	199	199	199	199	199	199	199	199	199	199	199	199	199	199	199	199	199	199	199	199	199	199	199	199	199	199	198	198	198	198	198	198	198	198	199	199	199	199	198	198	198	198	197	197	197	197	197	197	197	197	196	196	196	196	197	197	197	197	197	197
196	196	196	196	196	196	196	196	196	196	196	196	197	197	197	197	197	197	197	197	197	197	197	197	198	198	198	198	198	198	198	198	198	198	198	198	198	198	198	198	199	199	199	199	198	198	198	198	199	199	199	199	199	199	199	199	199	199	199	199	199	199	199	199	199	199	199	199	199	199	199	199	200	200	200	200	200	200	200	200	200	200	200	200	200	200	200	200	200	200	200	200	200	200	200	200	200	200	200	200	200	200	200	200	200	200	200	200	200	200	200	200	200	200	200	200	199	199	199	199	199	199	199	199	199	199	199	199	198	198	198	198	198	198	198	198	197	197	197	197	197	197	197	197	197	197	197	197	197	197
197	197	197	197	196	196	196	196	196	196	196	196	197	197	197	197	198	198	198	198	198	198	198	198	199	199	199	199	199	199	199	199	199	199	199	199	199	199	199	199	200	200	200	200	198	198	198	198	200	200	200	200	200	200	200	200	200	200	200	200	199	199	199	199	200	200	200	200	200	200	200	200	201	201	201	201	200	200	200	200	200	200	200	200	201	201	201	201	201	201	201	201	201	201	201	201	201	201	201	201	201	201	201	201	201	201	201	201	201	201	201	201	201	201	201	201	200	200	200	200	200	200	200	200	199	199	199	199	198	198	198	198	199	199	199	199	197	197	197	197	198	198	198	198	197	197	197	197	197	197
197	197	197	197	197	197	197	197	197	197	197	197	197	197	198	199	197	197	197	197	197	197	197	197	198	198	198	198	199	199	199	199	199	199	199	199	200	200	200	200	199	199	199	199	200	200	200	200	199	199	199	199	200	200	200	200	200	200	200	200	201	201	201	201	200	200	200	200	201	201	201	201	201	201	201	201	200	200	200	200	200	200	200	200	201	201	201	201	200	200	200	200	202	202	202	202	200	200	200	200	202	202	202	202	201	201	201	201	201	201	201	201	200	200	200	200	200	200	200	200	200	200	200	200	199	199	199	199	200	200	200	200	199	199	199	199	199	199	199	199	199	199	199	199	197	197	197	197	198	198
197	197	197	197	197	197	197	197	197	197	197	197	197	197	198	199	197	197	197	197	197	197	197	197	198	198	198	198	199	199	199	199	199	199	199	199	200	200	200	200	199	199	199	199	200	200	200	200	199	199	199	199	200	200	200	200	200	200	200	200	201	201	201	201	200	200	200	200	201	201	201	201	201	201	201	201	200	200	200	200	200	200	200	200	201	201	201	201	200	200	200	200	202	202	202	202	200	200	200	200	202	202	202	202	201	201	201	201	201	201	201	201	200	200	200	200	200	200	200	200	200	200	200	200	199	199	199	199	200	200	200	200	199	199	199	199	199	199	199	199	199	199	199	199	197	197	197	197	198	198
197	197	197	197	197	197	197	197	197	197	197	197	197	197	198	199	198	198	198	198	198	198	198	198	199	199	199	199	199	199	199	199	200	200	200	200	200	200	200	200	200	200	200	200	200	200	200	200	200	200	200	200	201	201	201	201	201	201	201	201	201	201	201	201	201	201	201	201	201	201	201	201	201	201	201	201	201	201	201	201	201	201	201	201	201	201	201	201	201	201	201	201	202	202	202	202	201	201	201	201	202	202	202	202	201	201	201	201	201	201	201	201	201	201	201	201	201	201	201	201	201	201	201	201	200	200	200	200	200	200	200	200	199	199	199	199	199	199	199	199	199	199	199	199	198	198	198	198	198	198
197	197	197	197	197	197	197	197	197	197	197	197	197	197	198	199	199	199	199	199	199	199	199	199	200	200	200	200	199	199	199	199	201	201	201	201	200	200	200	200	201	201	201	201	200	200	200	200	201	201	201	201	202	202	202	202	202	202	202	202	201	201	201	201	202	202	202	202	201	201	201	201	201	201	201	201	202	202	202	202	202	202	202	202	201	201	201	201	202	202	202	202	202	202	202	202	202	202	202	202	202	202	202	202	201	201	201	201	201	201	201	201	202	202	202	202	202	202	202	202	202	202	202	202	201	201	201	201	200	200	200	200	199	199	199	199	199	199	199	199	199	199	199	199	199	199	199	199	198	198
198	198	198	198	198	198	198	198	198	198	198	198	199	199	199	199	198	198	198	198	200	200	200	200	200	200	200	200	201	201	201	201	201	201	201	201	201	201	201	201	202	202	202	202	202	202	202	202	201	201	201	201	202	202	202	202	202	202	202	202	202	202	202	202	202	202	202	202	201	201	201	201	202	202	202	202	202	202	202	202	202	202	202	202	202	202	202	202	202	202	202	202	203	203	203	203	202	202	202	202	203	203	203	203	203	203	203	203	201	201	201	201	202	202	202	202	202	202	202	202	202	202	202	202	202	202	202	202	201	201	201	201	201	201	201	201	199	199	199	199	200	200	200	200	198	198	198	198	199	199
198	198	198	198	198	198	198	198	198	198	198	198	199	199	199	199	198	198	198	198	200	200	200	200	200	200	200	200	201	201	201	201	201	201	201	201	201	201	201	201	202	202	202	202	202	202	202	202	201	201	201	201	202	202	202	202	202	202	202	202	202	202	202	202	202	202	202	202	201	201	201	201	202	202	202	202	202	202	202	202	202	202	202	202	202	202	202	202	202	202	202	202	203	203	203	203	202	202	202	202	203	203	203	203	203	203	203	203	201	201	201	201	202	202	202	202	202	202	202	202	202	202	202	202	202	202	202	202	201	201	201	201	201	201	201	201	199	199	199	199	200	200	200	200	198	198	198	198	199	199
198	198	198	198	198	198	198	198	198	198	198	198	199	199	199	199	199	199	199	199	200	200	200	200	200	200	200	200	201	201	201	201	201	201	201	201	201	201	201	201	202	202	202	202	202	202	202	202	202	202	202	202	202	202	202	202	202	202	202	202	202	202	202	202	202	202	202	202	202	202	202	202	202	202	202	202	202	202	202	202	202	202	202	202	203	203	203	203	203	203	203	203	203	203	203	203	203	203	203	203	203	203	203	203	203	203	203	203	202	202	202	202	202	202	202	202	202	202	202	202	202	202	202	202	202	202	202	202	201	201	201	201	201	201	201	201	200	200	200	200	200	200	200	200	199	199	199	199	200	200
198	198	198	198	198	198	198	198	198	198	198	198	199	199	199	199	200	200	200	200	200	200	200	200	200	200	200	200	201	201	201	201	201	201	201	201	201	201	201	201	202	202	202	202	202	202	202	202	203	203	203	203	202	202	202	202	202	202	202	202	202	202	202	202	202	202	202	202	203	203	203	203	202	202	202	202	202	202	202	202	202	202	202	202	204	204	204	204	204	204	204	204	203	203	203	203	204	204	204	204	203	203	203	203	203	203	203	203	203	203	203	203	202	202	202	202	202	202	202	202	202	202	202	202	202	202	202	202	201	201	201	201	201	201	201	201	201	201	201	201	200	200	200	200	200	200	200	200	201	201
199	199	199	199	199	199	199	199	200	200	200	200	200	200	200	200	201	201	201	201	200	200	200	200	201	201	201	201	202	202	202	202	202	202	202	202	202	202	202	202	203	203	203	203	203	203	203	203	203	203	203	203	202	202	202	202	203	203	203	203	203	203	203	203	203	203	203	203	203	203	203	203	203	203	203	203	204	204	204	204	203	203	203	203	204	204	204	204	204	204	204	204	204	204	204	204	204	204	204	204	204	204	204	204	204	204	204	204	204	204	204	204	203	203	203	203	202	202	202	202	203	203	203	203	203	203	203	203	201	201	201	201	201	201	201	201	202	202	202	202	200	200	200	200	200	200	200	200	201	201
199	199	199	199	199	199	199	199	200	200	200	200	200	200	200	200	201	201	201	201	200	200	200	200	201	201	201	201	202	202	202	202	202	202	202	202	202	202	202	202	203	203	203	203	203	203	203	203	203	203	203	203	202	202	202	202	203	203	203	203	203	203	203	203	203	203	203	203	203	203	203	203	203	203	203	203	204	204	204	204	203	203	203	203	204	204	204	204	204	204	204	204	204	204	204	204	204	204	204	204	204	204	204	204	204	204	204	204	204	204	204	204	203	203	203	203	202	202	202	202	203	203	203	203	203	203	203	203	201	201	201	201	201	201	201	201	202	202	202	202	200	200	200	200	200	200	200	200	201	201
199	199	199	199	200	200	200	200	200	200	200	200	200	200	200	200	201	201	201	201	201	201	201	201	202	202	202	202	202	202	202	202	202	202	202	202	203	203	203	203	203	203	203	203	203	203	203	203	203	203	203	203	203	203	203	203	204	204	204	204	204	204	204	204	204	204	204	204	204	204	204	204	204	204	204	204	204	204	204	204	204	204	204	204	204	204	204	204	204	204	204	204	204	204	204	204	204	204	204	204	204	204	204	204	204	204	204	204	204	204	204	204	204	204	204	204	203	203	203	203	203	203	203	203	203	203	203	203	202	202	202	202	202	202	202	202	202	202	202	202	201	201	201	201	201	201	201	201	201	201
199	199	199	199	201	201	201	201	200	200	200	200	200	200	200	200	201	201	201	201	202	202	202	202	203	203	203	203	202	202	202	202	202	202	202	202	204	204	204	204	203	203	203	203	203	203	203	203	203	203	203	203	204	204	204	204	205	205	205	205	205	205	205	205	205	205	205	205	205	205	205	205	205	205	205	205	204	204	204	204	205	205	205	205	204	204	204	204	204	204	204	204	204	204	204	204	204	204	204	204	204	204	204	204	204	204	204	204	204	204	204	204	205	205	205	205	204	204	204	204	203	203	203	203	203	203	203	203	203	203	203	203	203	203	203	203	202	202	202	202	202	202	202	202	202	202	202	202	201	201
199	199	199	199	201	201	201	201	202	202	202	202	201	201	202	203	202	202	202	202	202	202	202	202	203	203	203	203	203	203	203	203	204	204	204	204	204	204	204	204	204	204	204	204	204	204	204	204	204	204	204	204	204	204	204	204	204	204	204	204	205	205	205	205	205	205	205	205	205	205	205	205	204	204	204	204	205	205	205	205	205	205	205	205	204	204	204	204	205	205	205	205	205	205	205	205	205	205	205	205	205	205	205	205	205	205	205	205	205	205	205	205	204	204	204	204	203	203	203	203	204	204	204	204	204	204	204	204	204	204	204	204	202	202	202	202	202	202	202	202	201	201	201	201	202	202	202	202	202	202
199	199	199	199	201	201	201	201	202	202	202	202	201	201	202	203	202	202	202	202	202	202	202	202	203	203	203	203	203	203	203	203	204	204	204	204	204	204	204	204	204	204	204	204	204	204	204	204	204	204	204	204	204	204	204	204	204	204	204	204	205	205	205	205	205	205	205	205	205	205	205	205	204	204	204	204	205	205	205	205	205	205	205	205	204	204	204	204	205	205	205	205	205	205	205	205	205	205	205	205	205	205	205	205	205	205	205	205	205	205	205	205	204	204	204	204	203	203	203	203	204	204	204	204	204	204	204	204	204	204	204	204	202	202	202	202	202	202	202	202	201	201	201	201	202	202	202	202	202	202
200	200	200	200	201	201	201	201	202	202	202	202	201	201	202	203	202	202	202	202	203	203	203	203	203	203	203	203	203	203	203	203	204	204	204	204	204	204	204	204	204	204	204	204	204	204	204	204	204	204	204	204	205	205	205	205	205	205	205	205	205	205	205	205	205	205	205	205	205	205	205	205	205	205	205	205	205	205	205	205	205	205	205	205	205	205	205	205	206	206	206	206	206	206	206	206	206	206	206	206	206	206	206	206	205	205	205	205	205	205	205	205	205	205	205	205	204	204	204	204	204	204	204	204	204	204	204	204	204	204	204	204	203	203	203	203	203	203	203	203	202	202	202	202	202	202	202	202	202	202
201	201	201	201	201	201	201	201	202	202	202	202	201	201	202	203	202	202	202	202	204	204	204	204	203	203	203	203	203	203	203	203	204	204	204	204	204	204	204	204	204	204	204	204	204	204	204	204	204	204	204	204	206	206	206	206	206	206	206	206	205	205	205	205	205	205	205	205	205	205	205	205	206	206	206	206	205	205	205	205	205	205	205	205	206	206	206	206	207	207	207	207	207	207	207	207	207	207	207	207	207	207	207	207	205	205	205	205	205	205	205	205	206	206	206	206	205	205	205	205	204	204	204	204	204	204	204	204	204	204	204	204	204	204	204	204	204	204	204	204	203	203	203	203	202	202	202	202	202	202
201	201	201	201	201	201	201	201	202	202	202	202	203	203	203	203	203	203	203	203	204	204	204	204	203	203	203	203	204	204	204	204	205	205	205	205	204	204	204	204	204	204	204	204	205	205	205	205	205	205	205	205	205	205	205	205	206	206	206	206	206	206	206	206	206	206	206	206	205	205	205	205	206	206	206	206	206	206	206	206	205	205	205	205	206	206	206	206	207	207	207	207	207	207	207	207	207	207	207	207	207	207	207	207	207	207	207	207	206	206	206	206	206	206	206	206	206	206	206	206	204	204	204	204	205	205	205	205	205	205	205	205	204	204	204	204	203	203	203	203	204	204	204	204	203	203	203	203	202	202
201	201	201	201	201	201	201	201	202	202	202	202	203	203	203	203	203	203	203	203	204	204	204	204	203	203	203	203	204	204	204	204	205	205	205	205	204	204	204	204	204	204	204	204	205	205	205	205	205	205	205	205	205	205	205	205	206	206	206	206	206	206	206	206	206	206	206	206	205	205	205	205	206	206	206	206	206	206	206	206	205	205	205	205	206	206	206	206	207	207	207	207	207	207	207	207	207	207	207	207	207	207	207	207	207	207	207	207	206	206	206	206	206	206	206	206	206	206	206	206	204	204	204	204	205	205	205	205	205	205	205	205	204	204	204	204	203	203	203	203	204	204	204	204	203	203	203	203	202	202
202	202	202	202	202	202	202	202	203	203	203	203	203	203	203	203	204	204	204	204	204	204	204	204	204	204	204	204	204	204	204	204	205	205	205	205	205	205	205	205	205	205	205	205	205	205	205	205	206	206	206	206	206	206	206	206	206	206	206	206	206	206	206	206	206	206	206	206	206	206	206	206	206	206	206	206	206	206	206	206	206	206	206	206	207	207	207	207	207	207	207	207	207	207	207	207	207	207	207	207	207	207	207	207	207	207	207	207	206	206	206	206	206	206	206	206	206	206	206	206	205	205	205	205	205	205	205	205	205	205	205	205	204	204	204	204	204	204	204	204	204	204	204	204	204	204	204	204	203	203
203	203	203	203	203	203	203	203	204	204	204	204	203	203	203	203	205	205	205	205	204	204	204	204	205	205	205	205	204	204	204	204	205	205	205	205	206	206	206	206	206	206	206	206	205	205	205	205	207	207	207	207	207	207	207	207	206	206	206	206	206	206	206	206	206	206	206	206	207	207	207	207	206	206	206	206	206	206	206	206	207	207	207	207	208	208	208	208	207	207	207	207	207	207	207	207	207	207	207	207	207	207	207	207	207	207	207	207	206	206	206	206	206	206	206	206	206	206	206	206	206	206	206	206	205	205	205	205	205	205	205	205	204	204	204	204	205	205	205	205	204	204	204	204	205	205	205	205	204	204
203	203	203	203	203	203	203	203	204	204	204	204	204	204	204	204	204	204	204	204	204	204	204	204	205	205	205	205	206	206	206	206	206	206	206	206	206	206	206	206	206	206	206	206	206	206	206	206	206	206	206	206	207	207	207	207	207	207	207	207	207	207	207	207	207	207	207	207	207	207	207	207	207	207	207	207	207	207	207	207	207	207	207	207	208	208	208	208	207	207	207	207	207	207	207	207	207	207	207	207	207	207	207	207	207	207	207	207	207	207	207	207	207	207	207	207	206	206	206	206	206	206	206	206	206	206	206	206	205	205	205	205	205	205	205	205	205	205	205	205	205	205	205	205	205	205	205	205	203	203
203	203	203	203	203	203	203	203	204	204	204	204	204	204	204	204	204	204	204	204	204	204	204	204	205	205	205	205	206	206	206	206	206	206	206	206	206	206	206	206	206	206	206	206	206	206	206	206	206	206	206	206	207	207	207	207	207	207	207	207	207	207	207	207	207	207	207	207	207	207	207	207	207	207	207	207	207	207	207	207	207	207	207	207	208	208	208	208	207	207	207	207	207	207	207	207	207	207	207	207	207	207	207	207	207	207	207	207	207	207	207	207	207	207	207	207	206	206	206	206	206	206	206	206	206	206	206	206	205	205	205	205	205	205	205	205	205	205	205	205	205	205	205	205	205	205	205	205	203	203
204	204	204	204	204	204	204	204	204	204	204	204	205	205	205	205	205	205	205	205	205	205	205	205	205	205	205	205	206	206	206	206	206	206	206	206	206	206	206	206	206	206	206	206	206	206	206	206	206	206	206	206	207	207	207	207	207	207	207	207	207	207	207	207	207	207	207	207	207	207	207	207	207	207	207	207	207	207	207	207	207	207	207	207	208	208	208	208	207	207	207	207	207	207	207	207	207	207	207	207	207	207	207	207	207	207	207	207	207	207	207	207	207	207	207	207	206	206	206	206	206	206	206	206	206	206	206	206	205	205	205	205	205	205	205	205	205	205	205	205	205	205	205	205	205	205	205	205	204	204
205	205	205	205	205	205	205	205	204	204	204	204	206	206	206	206	206	206	206	206	206	206	206	206	205	205	205	205	206	206	206	206	206	206	206	206	206	206	206	206	206	206	206	206	206	206	206	206	206	206	206	206	207	207	207	207	207	207	207	207	207	207	207	207	207	207	207	207	207	207	207	207	207	207	207	207	207	207	207	207	207	207	207	207	208	208	208	208	207	207	207	207	207	207	207	207	207	207	207	207	207	207	207	207	207	207	207	207	207	207	207	207	207	207	207	207	206	206	206	206	206	206	206	206	206	206	206	206	205	205	205	205	205	205	205	205	205	205	205	205	205	205	205	205	205	205	205	205	205	205
205	205	205	205	205	205	205	205	205	205	205	205	206	206	206	206	206	206	206	206	206	206	206	206	206	206	206	206	207	207	207	207	207	207	207	207	207	207	207	207	207	207	207	207	207	207	207	207	207	207	207	207	207	207	207	207	208	208	208	208	208	208	208	208	208	208	208	208	208	208	208	208	207	207	207	207	207	207	207	207	208	208	208	208	208	208	208	208	208	208	208	208	208	208	208	208	208	208	208	208	208	208	208	208	208	208	208	208	207	207	207	207	207	207	207	207	207	207	207	207	207	207	207	207	207	207	207	207	206	206	206	206	206	206	206	206	206	206	206	206	205	205	205	205	205	205	205	205	205	205
205	205	205	205	205	205	205	205	205	205	205	205	206	206	206	206	206	206	206	206	206	206	206	206	206	206	206	206	207	207	207	207	207	207	207	207	207	207	207	207	207	207	207	207	207	207	207	207	207	207	207	207	207	207	207	207	208	208	208	208	208	208	208	208	208	208	208	208	208	208	208	208	207	207	207	207	207	207	207	207	208	208	208	208	208	208	208	208	208	208	208	208	208	208	208	208	208	208	208	208	208	208	208	208	208	208	208	208	207	207	207	207	207	207	207	207	207	207	207	207	207	207	207	207	207	207	207	207	206	206	206	206	206	206	206	206	206	206	206	206	205	205	205	205	205	205	205	205	205	205
205	205	205	205	205	205	205	205	205	205	205	205	206	206	206	206	206	206	206	206	206	206	206	206	206	206	206	206	207	207	207	207	207	207	207	207	207	207	207	207	207	207	207	207	207	207	207	207	207	207	207	207	207	207	207	207	208	208	208	208	208	208	208	208	208	208	208	208	208	208	208	208	208	208	208	208	208	208	208	208	208	208	208	208	208	208	208	208	208	208	208	208	208	208	208	208	208	208	208	208	208	208	208	208	208	208	208	208	207	207	207	207	207	207	207	207	207	207	207	207	207	207	207	207	207	207	207	207	206	206	206	206	206	206	206	206	206	206	206	206	206	206	206	206	205	205	205	205	205	205
205	205	205	205	205	205	205	205	205	205	205	205	206	206	206	206	206	206	206	206	206	206	206	206	206	206	206	206	207	207	207	207	207	207	207	207	207	207	207	207	207	207	207	207	207	207	207	207	207	207	207	207	207	207	207	207	208	208	208	208	208	208	208	208	208	208	208	208	208	208	208	208	209	209	209	209	209	209	209	209	208	208	208	208	208	208	208	208	208	208	208	208	208	208	208	208	208	208	208	208	208	208	208	208	208	208	208	208	207	207	207	207	207	207	207	207	207	207	207	207	207	207	207	207	207	207	207	207	206	206	206	206	206	206	206	206	206	206	206	206	207	207	207	207	205	205	205	205	205	205
205	205	205	205	206	206	206	206	206	206	206	206	207	207	207	207	207	207	207	207	207	207	207	207	207	207	207	207	207	207	207	207	208	208	208	208	207	207	207	207	208	208	208	208	208	208	208	208	208	208	208	208	208	208	208	208	209	209	209	209	208	208	208	208	208	208	208	208	209	209	209	209	209	209	209	209	208	208	208	208	209	209	209	209	209	209	209	209	209	209	209	209	209	209	209	209	209	209	209	209	209	209	209	209	208	208	208	208	208	208	208	208	208	208	208	208	208	208	208	208	208	208	208	208	207	207	207	207	207	207	207	207	207	207	207	207	207	207	207	207	206	206	206	206	206	206	206	206	206	206
205	205	205	205	206	206	206	206	206	206	206	206	207	207	207	207	207	207	207	207	207	207	207	207	207	207	207	207	207	207	207	207	208	208	208	208	207	207	207	207	208	208	208	208	208	208	208	208	208	208	208	208	208	208	208	208	209	209	209	209	208	208	208	208	208	208	208	208	209	209	209	209	209	209	209	209	208	208	208	208	209	209	209	209	209	209	209	209	209	209	209	209	209	209	209	209	209	209	209	209	209	209	209	209	208	208	208	208	208	208	208	208	208	208	208	208	208	208	208	208	208	208	208	208	207	207	207	207	207	207	207	207	207	207	207	207	207	207	207	207	206	206	206	206	206	206	206	206	206	206
206	206	206	206	206	206	206	206	206	206	206	206	207	207	207	207	207	207	207	207	207	207	207	207	207	207	207	207	207	207	207	207	208	208	208	208	207	207	207	207	208	208	208	208	208	208	208	208	208	208	208	208	208	208	208	208	209	209	209	209	209	209	209	209	209	209	209	209	209	209	209	209	209	209	209	209	209	209	209	209	209	209	209	209	209	209	209	209	209	209	209	209	209	209	209	209	209	209	209	209	209	209	209	209	208	208	208	208	208	208	208	208	208	208	208	208	208	208	208	208	208	208	208	208	207	207	207	207	207	207	207	207	207	207	207	207	207	207	207	207	206	206	206	206	206	206	206	206	206	206
207	207	207	207	206	206	206	206	206	206	206	206	207	207	207	207	207	207	207	207	207	207	207	207	207	207	207	207	207	207	207	207	208	208	208	208	207	207	207	207	208	208	208	208	208	208	208	208	208	208	208	208	208	208	208	208	209	209	209	209	210	210	210	210	210	210	210	210	209	209	209	209	209	209	209	209	210	210	210	210	209	209	209	209	209	209	209	209	209	209	209	209	209	209	209	209	209	209	209	209	209	209	209	209	208	208	208	208	208	208	208	208	208	208	208	208	208	208	208	208	208	208	208	208	207	207	207	207	207	207	207	207	207	207	207	207	207	207	207	207	206	206	206	206	206	206	206	206	206	206
207	207	207	207	207	207	207	207	207	207	207	207	207	207	207	207	208	208	208	208	208	208	208	208	208	208	208	208	208	208	208	208	208	208	208	208	208	208	208	208	209	209	209	209	209	209	209	209	209	209	209	209	208	208	208	208	210	210	210	210	210	210	210	210	209	209	209	209	209	209	209	209	209	209	209	209	209	209	209	209	210	210	210	210	210	210	210	210	210	210	210	210	209	209	209	209	210	210	210	210	210	210	210	210	209	209	209	209	209	209	209	209	208	208	208	208	209	209	209	209	208	208	208	208	208	208	208	208	208	208	208	208	207	207	207	207	207	207	207	207	207	207	207	207	207	207	207	207	207	207
207	207	207	207	207	207	207	207	207	207	207	207	207	207	207	207	208	208	208	208	208	208	208	208	208	208	208	208	208	208	208	208	208	208	208	208	208	208	208	208	209	209	209	209	209	209	209	209	209	209	209	209	208	208	208	208	210	210	210	210	210	210	210	210	209	209	209	209	209	209	209	209	209	209	209	209	209	209	209	209	210	210	210	210	210	210	210	210	210	210	210	210	209	209	209	209	210	210	210	210	210	210	210	210	209	209	209	209	209	209	209	209	208	208	208	208	209	209	209	209	208	208	208	208	208	208	208	208	208	208	208	208	207	207	207	207	207	207	207	207	207	207	207	207	207	207	207	207	207	207
207	207	207	207	207	207	207	207	207	207	207	207	207	207	207	207	208	208	208	208	208	208	208	208	208	208	208	208	208	208	208	208	208	208	208	208	208	208	208	208	209	209	209	209	209	209	209	209	209	209	209	209	209	209	209	209	210	210	210	210	210	210	210	210	210	210	210	210	210	210	210	210	210	210	210	210	210	210	210	210	210	210	210	210	210	210	210	210	210	210	210	210	210	210	210	210	210	210	210	210	210	210	210	210	209	209	209	209	209	209	209	209	208	208	208	208	209	209	209	209	208	208	208	208	208	208	208	208	208	208	208	208	207	207	207	207	207	207	207	207	207	207	207	207	207	207	207	207	207	207
207	207	207	207	207	207	207	207	207	207	207	207	207	207	207	207	208	208	208	208	208	208	208	208	208	208	208	208	208	208	208	208	208	208	208	208	208	208	208	208	209	209	209	209	209	209	209	209	209	209	209	209	210	210	210	210	210	210	210	210	210	210	210	210	211	211	211	211	211	211	211	211	211	211	211	211	211	211	211	211	210	210	210	210	210	210	210	210	210	210	210	210	211	211	211	211	210	210	210	210	210	210	210	210	209	209	209	209	209	209	209	209	208	208	208	208	209	209	209	209	208	208	208	208	208	208	208	208	208	208	208	208	207	207	207	207	207	207	207	207	207	207	207	207	207	207	207	207	207	207
208	208	208	208	208	208	208	208	208	208	208	208	208	208	208	208	208	208	208	208	209	209	209	209	209	209	209	209	209	209	209	209	208	208	208	208	208	208	208	208	210	210	210	210	210	210	210	210	210	210	210	210	211	211	211	211	210	210	210	210	211	211	211	211	211	211	211	211	210	210	210	210	212	212	212	212	212	212	212	212	211	211	211	211	211	211	211	211	211	211	211	211	211	211	211	211	211	211	211	211	210	210	210	210	210	210	210	210	210	210	210	210	209	209	209	209	209	209	209	209	209	209	209	209	208	208	208	208	208	208	208	208	208	208	208	208	208	208	208	208	208	208	208	208	208	208	208	208	206	206
208	208	208	208	208	208	208	208	208	208	208	208	208	208	208	208	208	208	208	208	209	209	209	209	209	209	209	209	209	209	209	209	208	208	208	208	208	208	208	208	210	210	210	210	210	210	210	210	210	210	210	210	211	211	211	211	210	210	210	210	211	211	211	211	211	211	211	211	210	210	210	210	212	212	212	212	212	212	212	212	211	211	211	211	211	211	211	211	211	211	211	211	211	211	211	211	211	211	211	211	210	210	210	210	210	210	210	210	210	210	210	210	209	209	209	209	209	209	209	209	209	209	209	209	208	208	208	208	208	208	208	208	208	208	208	208	208	208	208	208	208	208	208	208	208	208	208	208	206	206
208	208	208	208	208	208	208	208	208	208	208	208	208	208	208	208	208	208	208	208	209	209	209	209	209	209	209	209	209	209	209	209	209	209	209	209	209	209	209	209	210	210	210	210	210	210	210	210	210	210	210	210	211	211	211	211	211	211	211	211	211	211	211	211	211	211	211	211	211	211	211	211	212	212	212	212	212	212	212	212	211	211	211	211	211	211	211	211	211	211	211	211	211	211	211	211	211	211	211	211	210	210	210	210	210	210	210	210	210	210	210	210	209	209	209	209	209	209	209	209	209	209	209	209	208	208	208	208	208	208	208	208	208	208	208	208	208	208	208	208	208	208	208	208	208	208	208	208	207	207
208	208	208	208	208	208	208	208	208	208	208	208	208	208	208	208	208	208	208	208	209	209	209	209	209	209	209	209	209	209	209	209	210	210	210	210	210	210	210	210	210	210	210	210	210	210	210	210	210	210	210	210	211	211	211	211	212	212	212	212	211	211	211	211	211	211	211	211	212	212	212	212	212	212	212	212	212	212	212	212	211	211	211	211	211	211	211	211	211	211	211	211	211	211	211	211	211	211	211	211	210	210	210	210	210	210	210	210	210	210	210	210	209	209	209	209	209	209	209	209	209	209	209	209	208	208	208	208	208	208	208	208	208	208	208	208	208	208	208	208	208	208	208	208	208	208	208	208	208	208
208	208	208	208	208	208	208	208	209	209	209	209	209	209	209	209	209	209	209	209	208	208	208	208	209	209	209	209	210	210	210	210	210	210	210	210	211	211	211	211	210	210	210	210	211	211	211	211	212	212	212	212	212	212	212	212	212	212	212	212	212	212	212	212	212	212	212	212	213	213	213	213	213	213	213	213	213	213	213	213	212	212	212	212	212	212	212	212	212	212	212	212	212	212	212	212	212	212	212	212	212	212	212	212	211	211	211	211	211	211	211	211	210	210	210	210	210	210	210	210	210	210	210	210	210	210	210	210	209	209	209	209	209	209	209	209	209	209	209	209	208	208	208	208	208	208	208	208	208	208
208	208	208	208	208	208	208	208	209	209	209	209	209	209	209	209	209	209	209	209	208	208	208	208	209	209	209	209	210	210	210	210	210	210	210	210	211	211	211	211	210	210	210	210	211	211	211	211	212	212	212	212	212	212	212	212	212	212	212	212	212	212	212	212	212	212	212	212	213	213	213	213	213	213	213	213	213	213	213	213	212	212	212	212	212	212	212	212	212	212	212	212	212	212	212	212	212	212	212	212	212	212	212	212	211	211	211	211	211	211	211	211	210	210	210	210	210	210	210	210	210	210	210	210	210	210	210	210	209	209	209	209	209	209	209	209	209	209	209	209	208	208	208	208	208	208	208	208	208	208
208	208	208	208	208	208	208	208	209	209	209	209	209	209	209	209	209	209	209	209	209	209	209	209	210	210	210	210	210	210	210	210	210	210	210	210	211	211	211	211	211	211	211	211	211	211	211	211	212	212	212	212	212	212	212	212	212	212	212	212	212	212	212	212	212	212	212	212	213	213	213	213	213	213	213	213	213	213	213	213	212	212	212	212	212	212	212	212	212	212	212	212	212	212	212	212	212	212	212	212	212	212	212	212	211	211	211	211	211	211	211	211	210	210	210	210	210	210	210	210	210	210	210	210	210	210	210	210	209	209	209	209	209	209	209	209	209	209	209	209	208	208	208	208	208	208	208	208	208	208
208	208	208	208	208	208	208	208	209	209	209	209	209	209	209	209	209	209	209	209	210	210	210	210	211	211	211	211	210	210	210	210	210	210	210	210	211	211	211	211	212	212	212	212	211	211	211	211	212	212	212	212	212	212	212	212	212	212	212	212	212	212	212	212	212	212	212	212	213	213	213	213	213	213	213	213	213	213	213	213	212	212	212	212	212	212	212	212	212	212	212	212	212	212	212	212	212	212	212	212	212	212	212	212	211	211	211	211	211	211	211	211	210	210	210	210	210	210	210	210	210	210	210	210	210	210	210	210	209	209	209	209	209	209	209	209	209	209	209	209	208	208	208	208	208	208	208	208	208	208
209	209	209	209	209	209	209	209	210	210	210	210	210	210	210	210	210	210	210	210	211	211	211	211	210	210	210	210	210	210	210	210	212	212	212	212	212	212	212	212	212	212	212	212	212	212	212	212	213	213	213	213	216	212	212	207	217	214	213	211	213	213	213	213	213	213	213	213	213	213	213	213	213	213	213	213	212	212	212	212	213	213	213	213	213	213	213	213	213	213	213	213	213	213	213	213	213	213	213	213	213	213	213	213	212	212	212	212	212	212	212	212	212	212	212	212	211	211	211	211	211	211	211	211	209	209	209	209	210	210	210	210	210	210	210	210	209	209	209	209	210	210	210	210	209	209	209	209	208	208
209	209	209	209	209	209	209	209	210	210	210	210	210	210	210	210	210	210	210	210	211	211	211	211	210	210	210	210	210	210	210	210	212	212	212	212	212	212	212	212	212	212	212	212	212	212	212	212	213	213	213	213	213	210	218	212	217	214	208	212	213	213	213	213	213	213	213	213	213	213	213	213	213	213	213	213	212	212	212	212	213	213	213	213	213	213	213	213	213	213	213	213	213	213	213	213	213	213	213	213	213	213	213	213	212	212	212	212	212	212	212	212	212	212	212	212	211	211	211	211	211	211	211	211	209	209	209	209	210	210	210	210	210	210	210	210	209	209	209	209	210	210	210	210	209	209	209	209	208	208
209	209	209	209	209	209	209	209	210	210	210	210	210	210	210	210	210	210	210	210	211	211	211	211	211	211	211	211	211	211	211	211	212	212	212	212	212	212	212	212	212	212	212	212	212	212	212	212	213	213	213	213	211	215	209	213	205	212	220	217	213	213	213	213	213	213	213	213	213	213	213	213	213	213	213	213	213	213	213	213	213	213	213	213	213	213	213	213	213	213	213	213	213	213	213	213	213	213	213	213	213	213	213	213	212	212	212	212	212	212	212	212	212	212	212	212	211	211	211	211	211	211	211	211	210	210	210	210	210	210	210	210	210	210	210	210	210	210	210	210	210	210	210	210	209	209	209	209	209	209
209	209	209	209	209	209	209	209	210	210	210	210	210	210	210	210	210	210	210	210	211	211	211	211	212	212	212	212	212	212	212	212	212	212	212	212	212	212	212	212	212	212	212	212	212	212	212	212	213	213	213	213	214	213	215	210	226	237	205	214	213	213	213	213	213	213	213	213	213	213	213	213	213	213	213	213	214	214	214	214	213	213	213	213	213	213	213	213	213	213	213	213	213	213	213	213	213	213	213	213	213	213	213	213	212	212	212	212	212	212	212	212	212	212	212	212	211	211	211	211	211	211	211	211	211	211	211	211	210	210	210	210	210	210	210	210	211	211	211	211	210	210	210	210	209	209	209	209	210	210
210	210	210	210	209	209	210	211	211	211	211	211	211	211	211	211	210	210	210	210	212	212	212	212	212	212	212	212	212	212	212	212	212	212	212	212	213	213	213	213	213	213	213	213	213	213	213	213	213	213	213	213	215	212	215	184	194	255	254	195	222	211	216	213	221	214	211	211	214	214	214	214	214	214	214	214	214	214	214	214	214	214	214	214	214	214	214	214	214	214	214	214	214	214	214	214	213	213	213	213	213	213	213	213	213	213	213	213	213	213	213	213	212	212	212	212	212	212	212	212	212	212	212	212	212	212	212	212	212	212	212	212	210	210	210	210	210	210	210	210	211	211	211	211	210	210	210	210	209	209
210	210	210	210	209	209	210	211	211	211	211	211	211	211	211	211	210	210	210	210	212	212	212	212	212	212	212	212	212	212	212	212	212	212	212	212	213	213	213	213	213	213	213	213	213	213	213	213	213	213	213	213	215	212	206	116	129	198	255	249	219	221	209	221	218	218	215	209	213	213	213	213	214	214	214	214	214	214	214	214	214	214	214	214	214	214	214	214	214	214	214	214	214	214	214	214	213	213	213	213	213	213	213	213	213	213	213	213	213	213	213	213	212	212	212	212	212	212	212	212	212	212	212	212	212	212	212	212	212	212	212	212	210	210	210	210	210	210	210	210	211	211	211	211	210	210	210	210	209	209
210	210	210	210	209	209	210	211	211	211	211	211	211	211	211	211	211	211	211	211	212	212	212	212	212	212	212	212	212	212	212	212	212	212	212	212	213	213	213	213	213	213	213	213	213	213	213	213	213	213	213	213	211	213	147	78	71	151	190	255	192	175	212	215	218	219	214	215	214	214	213	212	214	214	214	214	214	214	214	214	214	214	214	214	214	214	214	214	214	214	214	214	214	214	214	214	213	213	213	213	213	213	213	213	213	213	213	213	213	213	213	213	212	212	212	212	212	212	212	212	212	212	212	212	212	212	212	212	212	212	212	212	211	211	211	211	211	211	211	211	211	211	211	211	210	210	210	210	210	210
210	210	210	210	209	209	210	211	211	211	211	211	211	211	211	211	212	212	212	212	212	212	212	212	212	212	212	212	212	212	212	212	212	212	212	212	213	213	213	213	213	213	213	213	213	213	213	213	213	213	213	213	213	187	101	75	81	74	195	221	242	225	220	203	182	198	208	221	218	217	215	213	214	214	214	214	214	214	214	214	214	214	214	214	214	214	214	214	214	214	214	214	214	214	214	214	213	213	213	213	213	213	213	213	213	213	213	213	213	213	213	213	212	212	212	212	212	212	212	212	212	212	212	212	212	212	212	212	212	212	212	212	212	212	212	212	212	212	212	212	211	211	211	211	210	210	210	210	211	211
210	210	210	210	211	211	211	211	212	212	212	212	212	212	212	212	212	212	212	212	213	213	213	213	213	213	213	213	213	213	213	213	213	213	213	213	214	214	214	214	214	214	214	214	214	214	214	214	215	212	215	213	212	119	76	72	83	73	72	211	235	248	215	203	196	210	217	191	189	197	217	222	221	216	213	214	213	214	215	215	215	216	215	213	215	215	215	215	214	214	214	214	215	215	215	215	214	214	214	214	214	214	214	214	214	214	214	214	214	214	214	214	213	213	213	213	213	213	213	213	213	213	213	213	213	213	213	213	213	213	213	213	212	212	212	212	212	212	212	212	212	212	212	212	211	211	211	211	212	212
210	210	210	210	211	211	211	211	212	212	212	212	212	212	212	212	212	212	212	212	213	213	213	213	213	213	213	213	213	213	213	213	213	213	213	213	214	214	214	214	214	214	214	214	214	214	214	214	214	216	213	211	152	79	76	72	67	64	76	85	207	252	253	207	192	206	213	199	201	215	211	189	174	196	217	220	213	216	219	218	213	217	219	215	215	215	215	215	214	214	214	214	215	215	215	215	214	214	214	214	214	214	214	214	214	214	214	214	214	214	214	214	213	213	213	213	213	213	213	213	213	213	213	213	213	213	213	213	213	213	213	213	212	212	212	212	212	212	212	212	212	212	212	212	211	211	211	211	212	212
211	211	211	211	211	211	211	211	212	212	212	212	212	212	212	212	212	212	212	212	213	213	213	213	213	213	213	213	213	213	213	213	213	213	213	213	214	214	214	214	214	214	214	214	214	214	214	214	213	212	221	183	91	69	73	71	63	71	67	72	86	190	254	230	196	202	212	197	182	201	207	203	195	211	210	182	179	205	225	215	219	211	208	216	215	215	215	215	214	214	214	214	215	215	215	215	214	214	214	214	214	214	214	214	214	214	214	214	214	214	214	214	213	213	213	213	213	213	213	213	213	213	213	213	213	213	213	213	213	213	213	213	212	212	212	212	212	212	212	212	212	212	212	212	212	212	212	212	212	212
212	212	212	212	211	211	211	211	212	212	212	212	212	212	212	212	212	212	212	212	213	213	213	213	213	213	213	213	213	213	213	213	213	213	213	213	214	214	214	214	214	214	214	214	214	214	214	214	217	217	204	120	71	70	66	69	80	57	65	73	89	120	183	255	224	208	217	191	192	206	213	194	204	208	207	200	202	213	208	178	193	210	222	214	215	215	215	215	214	214	214	214	215	215	215	215	214	214	214	214	214	214	214	214	214	214	214	214	214	214	214	214	213	213	213	213	213	213	213	213	213	213	213	213	213	213	213	213	213	213	213	213	212	212	212	212	212	212	212	212	212	212	212	212	213	213	213	213	212	212
212	212	212	212	212	212	212	212	213	213	213	213	213	213	213	213	213	213	213	213	213	213	213	213	214	214	214	214	214	214	214	214	214	214	214	214	215	215	215	215	215	215	215	215	220	212	213	212	215	213	154	72	73	72	66	66	70	70	71	73	72	61	169	197	251	230	198	194	200	217	207	196	204	208	201	196	209	215	201	194	205	209	197	181	195	206	220	218	216	213	212	216	214	216	217	215	215	217	216	212	215	215	215	215	215	215	215	215	213	213	213	213	214	214	214	214	214	214	214	214	214	214	214	214	214	214	214	214	213	213	213	213	213	213	213	213	213	213	213	213	213	213	213	213	213	213	213	213	212	212
212	212	212	212	212	212	212	212	213	213	213	213	213	213	213	213	213	213	213	213	213	213	213	213	214	214	214	214	214	214	214	214	214	214	214	214	215	215	215	215	215	215	215	215	213	218	217	216	217	185	87	73	68	69	67	70	71	70	71	72	74	79	58	184	201	255	195	204	215	205	202	200	207	220	195	193	203	222	197	192	208	221	198	197	208	213	184	184	190	207	220	214	212	214	215	217	214	218	219	213	215	215	215	215	215	215	215	215	213	213	213	213	214	214	214	214	214	214	214	214	214	214	214	214	214	214	214	214	213	213	213	213	213	213	213	213	213	213	213	213	213	213	213	213	213	213	213	213	212	212
212	212	212	212	212	212	212	212	213	213	213	213	213	213	213	213	213	213	213	213	213	213	213	213	214	214	214	214	214	214	214	214	214	214	214	214	215	215	215	215	215	215	215	215	214	218	212	217	207	120	71	64	71	71	68	71	75	74	73	74	58	71	83	78	202	214	253	194	206	210	205	197	201	217	191	193	201	220	196	192	198	219	195	191	199	220	195	196	223	207	185	174	195	205	217	223	220	213	209	214	215	215	215	215	215	215	215	215	214	214	214	214	214	214	214	214	214	214	214	214	214	214	214	214	214	214	214	214	213	213	213	213	213	213	213	213	213	213	213	213	213	213	213	213	213	213	213	213	213	213
212	212	212	212	212	212	212	212	213	213	213	213	213	213	213	213	213	213	213	213	213	213	213	213	214	214	214	214	214	214	214	214	214	214	214	214	215	215	215	215	215	215	215	215	212	215	216	212	149	73	72	66	72	73	72	77	79	77	76	76	75	75	83	81	87	203	239	246	216	209	205	200	208	216	195	187	206	213	199	192	206	214	196	192	205	212	199	191	220	200	188	200	211	200	184	177	193	211	222	213	215	215	215	215	215	215	215	215	215	215	215	215	214	214	214	214	214	214	214	214	214	214	214	214	214	214	214	214	213	213	213	213	213	213	213	213	213	213	213	213	213	213	213	213	213	213	213	213	214	214
212	212	212	212	213	213	213	213	214	214	214	214	214	214	214	214	214	214	214	214	214	214	214	214	215	215	215	215	215	215	215	215	215	215	215	215	216	216	216	216	216	216	216	216	219	215	223	179	83	71	74	68	69	77	79	90	86	82	85	81	85	79	77	74	74	107	198	255	241	214	189	210	217	208	198	195	215	208	198	193	207	208	198	194	210	213	204	196	207	208	198	194	210	210	197	194	206	207	185	175	204	219	220	216	223	211	211	213	213	214	216	215	217	215	213	214	215	215	215	215	215	215	215	215	215	214	213	214	214	214	214	214	214	214	214	214	214	214	214	214	214	214	214	214	213	213	213	213	213	213
212	212	212	212	213	213	213	213	214	214	214	214	214	214	214	214	214	214	214	214	214	214	214	214	215	215	215	215	215	215	215	215	215	215	215	215	216	216	216	216	216	216	216	216	213	219	203	117	72	68	69	73	62	158	202	144	112	116	96	88	87	81	78	75	73	75	142	201	255	209	197	194	228	208	191	193	219	201	190	201	210	207	197	194	215	214	203	193	208	221	195	191	212	204	204	195	198	217	191	184	207	189	184	185	208	217	219	213	201	214	223	219	218	219	217	213	215	215	215	215	215	215	215	215	215	214	213	214	214	214	214	214	214	214	214	214	214	214	214	214	214	214	214	214	213	213	213	213	213	213
213	213	213	213	213	213	213	213	214	214	214	214	214	214	214	214	214	214	214	214	214	214	214	214	215	215	215	215	215	215	215	215	215	215	215	215	216	216	216	216	216	216	216	216	211	217	148	75	64	72	71	76	126	133	222	255	205	111	117	91	90	84	80	77	87	76	82	180	220	255	199	215	222	204	191	199	223	202	188	200	211	205	198	195	209	208	204	198	201	219	194	193	209	207	198	197	202	220	191	179	201	208	202	192	217	190	167	187	210	216	221	217	212	210	212	217	215	215	215	215	215	215	215	215	215	214	213	214	215	215	215	215	214	214	214	214	214	214	214	214	214	214	214	214	213	213	213	213	213	213
214	214	214	214	213	213	213	213	214	214	214	214	214	214	214	214	214	214	214	214	214	214	214	214	215	215	215	215	215	215	215	215	215	215	215	215	216	216	216	216	216	216	216	216	222	182	92	71	73	71	69	89	145	104	138	239	255	187	113	107	93	86	82	78	68	74	63	67	207	227	251	223	205	200	199	207	215	205	196	196	210	205	202	192	210	206	205	197	213	219	198	192	209	210	202	192	203	208	194	187	213	206	196	193	224	202	190	202	212	184	171	195	214	217	218	215	215	215	215	215	215	215	215	215	215	214	213	214	216	216	216	216	214	214	214	214	214	214	214	214	214	214	214	214	213	213	213	213	213	213
213	213	213	213	214	214	214	214	215	215	215	215	215	215	215	215	215	215	215	215	214	214	214	214	216	216	216	216	216	216	216	216	216	216	216	216	216	216	216	216	222	212	219	217	209	116	74	70	69	78	51	148	97	113	106	160	255	255	150	127	97	88	89	82	80	79	77	77	73	219	233	241	204	199	192	205	210	197	191	205	215	205	196	196	218	206	195	195	211	203	197	202	211	209	202	192	205	207	197	193	205	211	195	191	211	203	196	194	203	199	197	198	202	181	174	199	219	220	220	216	216	214	213	216	213	215	219	206	216	222	211	213	215	215	215	215	215	215	215	215	215	215	215	215	214	214	214	214	214	214
213	213	213	213	214	214	214	214	215	215	215	215	215	215	215	215	215	215	215	215	214	214	214	214	216	216	216	216	216	216	216	216	216	216	216	216	216	216	216	216	216	217	217	212	148	71	72	62	62	60	122	109	107	104	109	113	166	255	255	132	117	103	90	78	77	81	82	77	86	94	217	249	237	184	195	211	205	197	197	210	214	203	195	201	212	200	192	200	217	205	196	202	215	209	200	194	209	207	197	191	212	203	199	192	206	206	201	191	208	206	199	189	200	194	194	205	197	184	182	203	228	217	210	216	206	221	173	180	190	218	215	215	215	215	215	215	215	215	215	215	215	215	215	215	214	214	214	214	214	214
214	214	214	214	214	214	214	214	215	215	215	215	215	215	215	215	215	215	215	215	215	215	215	215	216	216	216	216	216	216	216	216	216	216	216	216	216	216	216	216	216	217	221	176	88	62	73	62	69	82	137	92	106	108	114	108	122	207	248	249	132	106	104	91	89	83	80	83	81	71	100	210	240	243	204	219	206	193	194	219	214	198	193	213	212	194	187	206	226	206	191	199	214	207	199	196	211	206	198	191	207	206	198	193	209	205	198	193	214	206	195	188	207	196	191	201	205	196	192	202	193	179	181	207	219	221	171	192	187	217	210	214	215	215	215	215	215	215	215	215	215	215	215	215	214	214	214	214	214	214
215	215	215	215	214	214	214	214	215	215	215	215	215	215	215	215	215	215	215	215	216	216	216	216	216	216	216	216	216	216	216	216	216	216	216	216	216	216	216	216	218	219	199	112	65	67	68	67	71	133	103	105	103	105	104	107	102	115	222	248	216	127	117	98	90	80	73	76	71	80	89	159	200	253	239	206	191	193	203	218	201	194	196	209	201	194	196	212	212	203	196	199	210	206	199	192	212	204	199	192	210	204	199	193	208	206	200	191	206	203	197	194	214	199	189	195	210	196	188	197	200	194	194	203	196	183	176	195	197	217	214	214	215	215	215	215	215	215	215	215	215	215	215	215	214	214	214	214	214	214
215	215	215	215	215	215	215	215	215	215	215	215	216	216	216	216	216	216	216	216	216	216	216	216	215	215	215	215	217	217	217	217	217	217	217	217	218	217	214	213	214	220	147	72	71	70	69	70	120	130	97	112	101	107	111	108	108	108	136	232	242	213	113	108	91	87	79	76	77	80	78	83	175	213	255	217	196	201	206	212	198	193	196	212	204	193	192	211	210	201	195	200	213	202	194	196	211	206	197	198	211	204	195	192	207	205	201	195	211	206	192	191	207	202	196	194	208	203	192	196	204	198	194	197	196	196	191	196	192	177	180	205	217	220	216	211	217	215	214	218	213	214	213	213	215	214	214	217	215	215
215	215	215	215	215	215	215	215	215	215	215	215	216	216	216	216	216	216	216	216	216	216	216	216	215	215	215	215	217	217	217	217	217	217	217	217	219	216	220	219	222	176	90	67	69	62	80	80	141	103	115	108	110	110	109	108	106	102	100	162	255	255	175	123	106	95	85	84	81	80	75	76	72	202	210	255	185	203	215	200	183	195	209	213	198	196	200	211	210	198	195	210	217	201	192	201	214	202	188	193	205	205	200	191	210	208	202	196	209	207	196	190	209	204	196	191	204	202	195	195	216	209	198	189	204	193	185	199	200	192	183	191	186	178	179	204	222	223	220	212	223	218	212	210	213	216	217	214	215	215
215	215	215	215	215	215	215	215	215	215	215	215	216	216	216	216	216	216	216	216	216	216	216	216	216	216	216	216	217	217	217	217	217	217	217	217	216	223	212	218	206	114	68	72	71	74	59	135	108	101	108	111	119	118	119	124	120	108	104	109	170	255	251	158	122	110	99	87	84	79	74	73	74	78	225	219	248	208	210	197	179	200	215	204	192	201	208	208	196	190	196	219	212	192	185	206	228	207	187	196	207	202	196	194	208	205	199	192	208	206	201	192	209	205	197	190	208	203	197	189	211	209	202	192	208	191	185	201	211	190	174	192	206	197	187	194	172	180	194	205	218	221	220	214	217	214	213	216	215	215
215	215	215	215	215	215	215	215	215	215	215	215	216	216	216	216	216	216	216	216	216	216	216	216	217	217	217	217	217	217	217	217	217	217	217	217	213	221	220	211	137	72	77	68	69	69	113	134	103	108	102	108	104	105	107	111	111	112	111	104	118	196	255	244	138	115	100	90	83	76	77	77	82	92	86	220	241	247	202	189	183	205	214	190	183	201	213	205	198	196	202	218	197	192	195	207	208	203	196	199	210	205	196	190	210	206	199	190	212	205	201	193	207	205	199	191	209	200	195	190	205	203	199	194	206	192	191	200	212	199	195	185	205	195	188	200	191	195	197	194	165	177	199	218	212	216	217	214	215	215
216	216	216	216	216	216	216	216	216	216	216	216	216	216	216	216	217	217	217	217	217	217	217	217	217	217	217	217	217	217	217	217	217	217	217	217	213	216	220	179	76	72	71	72	79	84	142	111	107	101	105	100	103	105	107	108	115	114	113	107	106	120	216	255	236	119	99	99	84	79	83	76	75	68	88	117	210	250	219	166	205	211	209	195	184	205	216	198	188	196	206	209	204	192	190	207	199	197	194	201	215	203	186	195	210	200	191	194	206	206	203	197	203	201	198	196	207	209	195	188	202	203	195	193	209	200	192	191	202	200	194	197	207	198	196	198	192	196	199	199	194	194	199	192	169	180	199	216	219	219
216	216	216	216	216	216	216	216	216	216	216	216	216	216	216	216	217	217	217	217	217	217	217	217	217	217	217	217	217	217	217	217	217	217	217	217	222	218	204	107	73	67	72	75	75	148	110	90	109	106	115	114	113	112	111	110	107	103	104	106	108	99	137	232	255	202	119	100	96	82	81	80	70	80	80	68	147	198	255	215	211	218	203	186	190	207	214	195	194	207	213	198	195	193	197	208	204	196	192	207	215	199	191	200	215	203	194	200	210	205	198	194	214	209	199	190	211	209	194	190	209	205	194	193	213	205	194	186	206	204	195	189	207	193	191	203	198	198	197	194	196	199	197	196	184	197	200	184	175	178
216	216	216	216	216	216	216	216	216	216	216	216	216	216	216	216	217	217	217	217	217	217	217	217	217	217	217	217	217	217	217	217	217	217	217	217	210	219	142	79	71	70	73	72	117	122	99	116	109	102	107	102	109	106	104	104	102	104	108	102	102	104	99	169	254	255	165	117	102	90	87	79	78	71	79	79	86	185	217	255	225	199	200	191	199	210	207	182	189	205	212	195	183	194	207	210	198	192	191	211	207	194	197	207	227	205	188	194	210	204	196	193	205	203	198	193	206	208	201	190	207	206	201	192	208	202	192	183	206	205	195	187	196	198	202	196	196	195	196	196	193	196	191	194	200	193	190	195	190	191
216	216	216	216	216	216	216	216	216	216	216	216	216	216	216	216	217	217	217	217	217	217	217	217	217	217	217	217	217	217	217	217	217	217	217	217	220	173	91	76	68	69	68	99	145	95	113	102	112	103	101	92	94	94	97	104	101	104	110	106	104	104	105	116	184	254	254	145	112	97	92	86	88	83	84	81	85	81	206	227	252	193	185	195	214	205	195	190	201	207	205	190	183	201	212	203	190	190	196	217	203	192	189	210	209	201	196	200	209	206	201	194	215	209	198	190	209	203	196	189	209	201	197	192	208	202	195	194	203	200	193	191	189	199	206	195	198	195	194	195	191	190	193	193	209	195	186	192	190	190
216	216	216	216	217	217	217	217	217	217	217	217	217	217	217	217	217	217	217	217	218	218	218	218	218	218	218	218	218	218	218	218	214	217	218	218	204	107	71	69	65	65	74	148	104	107	110	111	111	111	111	99	101	100	110	95	106	102	100	102	100	103	105	103	117	206	255	232	126	113	91	81	83	79	78	77	76	80	98	198	239	254	197	213	212	195	183	186	216	211	202	192	190	207	215	200	186	197	211	209	199	189	189	206	208	199	194	201	212	200	191	196	206	211	199	188	205	205	199	189	197	205	199	189	191	204	201	191	196	200	200	195	196	202	203	194	198	198	197	193	199	196	192	188	194	194	193	192	197	193
216	216	216	216	217	217	217	217	217	217	217	217	217	217	217	217	217	217	217	217	218	218	218	218	218	218	218	218	218	218	218	218	216	219	217	212	135	77	66	70	66	74	119	106	107	106	103	99	103	102	108	105	110	129	124	105	103	103	104	104	107	105	103	103	103	128	229	255	223	114	110	84	85	79	80	84	84	75	73	110	211	251	254	232	208	186	195	203	233	210	192	201	198	207	210	198	188	202	214	202	194	191	198	213	207	195	191	206	212	198	190	199	210	205	200	191	205	202	197	192	201	212	207	188	191	201	206	192	187	199	210	196	187	198	205	197	188	199	202	188	190	193	194	193	194	194	193	192	190	192
216	216	216	216	217	217	217	217	217	217	217	217	217	217	217	217	217	217	217	217	218	218	218	218	218	218	218	218	218	218	218	218	213	217	224	167	86	68	65	68	66	79	137	104	105	106	105	103	106	103	118	143	151	118	146	111	118	120	120	119	119	114	106	104	105	103	145	239	255	195	104	111	96	84	78	79	70	77	70	73	113	208	249	200	188	195	207	209	212	198	189	196	216	210	200	193	192	203	211	197	188	194	202	207	195	189	194	215	209	192	187	207	211	202	200	193	208	203	195	190	199	208	208	188	192	198	205	191	185	198	208	187	188	204	211	195	189	202	205	189	191	193	193	190	194	194	193	192	190	192
216	216	216	216	217	217	217	217	217	217	217	217	217	217	217	217	217	217	217	217	218	218	218	218	218	218	218	218	218	218	218	218	220	220	193	107	72	69	62	72	72	152	91	104	104	107	109	110	111	115	107	80	78	77	108	124	114	110	107	107	110	111	111	110	108	111	104	163	244	255	175	115	105	94	85	78	81	61	74	72	85	135	190	245	194	202	216	209	206	193	187	200	223	203	189	197	206	207	205	189	177	197	212	206	193	190	197	213	197	192	195	209	209	209	199	188	207	204	197	189	197	202	206	192	192	203	203	188	185	188	200	222	205	208	205	194	193	199	200	190	192	189	189	193	194	194	193	192	194	194
215	215	215	215	217	217	217	217	217	217	217	217	218	218	218	218	218	218	218	218	218	218	218	218	218	218	218	218	214	221	211	219	224	214	136	74	61	57	76	73	138	116	109	107	115	109	104	106	106	104	101	92	98	78	116	112	109	109	108	105	101	98	100	106	111	113	106	118	179	255	255	138	122	102	92	80	83	73	70	70	80	67	178	209	255	217	217	201	184	190	201	212	206	192	187	203	218	211	199	188	192	207	214	200	188	196	209	211	188	192	196	204	201	202	189	197	217	201	190	199	191	187	185	189	191	185	178	161	143	128	127	183	209	242	255	232	208	197	197	196	184	192	202	190	181	186	195	189	191	192
215	215	215	215	217	217	217	217	217	217	217	217	218	218	218	218	218	218	218	218	218	218	218	218	218	218	218	218	221	215	221	217	216	169	82	72	76	75	65	86	130	103	113	114	112	110	108	107	105	104	102	95	88	88	113	101	103	105	106	106	106	107	109	112	120	108	112	103	131	212	251	246	133	115	97	88	78	71	70	71	78	83	71	183	228	240	198	188	180	202	218	210	196	189	191	206	215	199	186	187	201	210	208	187	184	198	212	206	186	193	207	205	183	194	198	187	186	185	175	158	131	122	104	89	78	67	60	58	52	52	93	153	154	132	133	137	204	234	248	228	194	193	195	192	183	186	193	194	193	193
216	216	216	216	217	217	217	217	217	217	217	217	218	218	218	218	218	218	218	218	218	218	218	218	218	218	218	218	220	219	219	217	199	99	75	65	59	59	72	145	99	103	110	98	99	104	108	108	108	106	102	92	100	87	115	104	113	113	112	109	107	109	111	111	112	108	109	109	101	137	229	255	220	124	118	91	85	77	73	69	63	76	69	97	197	187	189	189	206	217	216	195	180	193	209	213	213	186	178	209	218	199	186	196	195	189	193	200	196	177	161	140	121	102	90	80	81	72	63	61	52	58	62	59	52	53	52	53	59	58	80	147	154	139	145	129	150	141	128	141	182	227	255	234	213	200	192	200	191	189
217	217	217	217	217	217	217	217	217	217	217	217	218	218	218	218	218	218	218	218	218	218	218	218	218	218	218	218	215	220	221	208	128	75	78	68	67	79	120	103	108	102	103	102	104	104	102	99	97	98	99	94	90	88	118	108	101	102	101	99	107	105	105	108	109	108	104	109	121	112	140	244	255	198	115	107	92	85	80	74	74	63	71	99	232	225	179	208	207	212	206	185	194	206	209	192	187	189	192	195	176	163	143	131	114	94	82	86	80	73	64	59	61	59	58	54	61	63	62	56	60	60	58	53	55	60	59	58	63	64	93	158	144	143	149	149	146	135	135	148	148	137	126	138	178	213	242	248	209	203
217	217	217	217	217	217	217	217	218	218	218	218	219	219	219	219	219	219	219	219	218	218	218	218	219	219	219	219	214	223	222	163	78	73	65	70	77	103	134	102	109	103	102	109	115	115	115	113	118	112	100	109	108	112	106	102	104	105	106	108	103	108	107	108	109	114	111	108	104	117	115	165	249	255	171	122	102	90	80	82	66	71	62	101	222	178	211	195	190	189	186	183	169	150	133	117	101	89	83	76	67	66	65	65	64	64	65	68	64	65	64	62	60	59	63	63	57	59	57	58	54	57	49	59	56	54	50	46	49	59	92	149	148	140	145	146	149	148	145	141	140	143	138	138	134	137	145	151	166	205
217	217	217	217	217	217	217	217	218	218	218	218	219	219	219	219	219	219	219	219	218	218	218	218	219	219	219	219	223	220	194	94	72	62	74	63	68	155	91	108	111	109	105	100	110	110	108	104	106	103	95	98	96	97	97	104	107	105	102	100	100	103	101	100	102	102	96	95	97	104	110	122	182	242	255	141	101	90	78	81	76	62	67	97	215	130	139	184	86	83	77	72	64	65	62	63	59	58	62	62	63	63	62	62	65	63	59	58	58	60	61	60	58	54	57	60	60	60	59	58	53	57	52	56	52	53	53	52	51	46	77	140	142	128	130	135	142	140	140	143	140	144	143	145	141	141	143	144	145	132
217	217	217	217	217	217	217	217	218	218	218	218	219	219	219	219	219	219	219	219	219	219	219	219	219	219	219	219	216	216	122	68	65	67	63	78	144	102	108	99	105	103	104	108	103	106	108	108	104	101	99	96	100	102	104	100	102	103	106	109	109	113	110	109	108	106	99	98	99	97	110	110	126	207	232	250	107	88	74	71	70	66	65	84	213	50	99	214	75	73	68	64	57	62	57	57	62	66	66	63	56	55	54	54	59	58	56	56	52	53	55	55	59	54	56	61	59	55	58	58	55	59	57	53	53	55	57	58	59	50	78	148	143	140	140	123	122	122	127	136	137	138	141	142	144	146	142	141	141	143
217	217	217	217	217	217	217	217	218	218	218	218	219	219	219	219	219	219	219	219	220	220	220	220	219	219	219	219	221	160	76	75	65	73	69	107	128	98	108	102	101	100	99	98	99	100	101	100	110	102	103	100	100	103	112	111	110	110	110	110	104	107	104	102	100	103	101	101	103	104	103	103	104	163	236	222	108	75	73	67	60	64	65	72	170	76	188	155	74	70	63	57	65	64	64	61	55	59	58	61	61	61	60	59	59	58	58	59	60	60	60	59	56	54	58	59	59	54	63	64	64	63	63	57	54	55	54	52	57	61	77	141	145	134	139	144	144	142	138	135	139	134	135	133	131	139	136	140	140	141
218	218	218	218	218	218	218	218	219	218	217	218	220	220	220	220	220	220	220	220	219	219	220	220	221	221	218	220	214	96	71	66	55	56	80	158	107	104	101	104	104	110	107	107	109	108	116	117	105	102	105	102	100	106	106	104	107	106	107	110	115	119	122	120	109	105	98	105	105	103	103	100	95	167	231	233	100	72	76	64	62	68	65	84	148	138	107	92	64	63	67	66	66	63	58	55	53	51	55	58	62	61	62	63	62	65	61	57	62	62	61	60	53	59	60	59	60	54	61	55	55	50	52	54	58	60	60	55	65	57	88	150	147	138	135	144	145	142	141	144	140	144	141	138	127	133	129	130	127	130
218	218	218	218	218	218	218	218	219	218	217	218	220	220	220	220	220	220	220	220	222	221	220	219	219	220	221	220	223	90	64	66	67	67	138	93	107	103	99	99	97	97	103	106	107	107	104	106	108	102	102	102	105	111	112	112	107	110	112	113	105	103	102	103	103	101	96	101	101	102	102	101	92	111	174	188	85	64	70	65	71	65	70	88	91	36	43	40	65	61	63	65	63	63	63	63	68	64	65	64	69	65	60	57	59	62	59	58	60	59	59	58	55	59	57	55	58	53	58	55	56	55	57	56	53	56	58	56	59	60	90	143	142	143	142	139	142	146	147	144	145	146	142	142	149	145	148	136	134	137
218	218	218	218	218	218	218	218	219	218	217	218	220	220	220	220	220	220	220	220	217	218	219	220	224	218	220	218	219	84	67	61	66	102	131	105	102	102	104	105	112	103	104	102	100	101	96	101	102	101	101	107	104	109	109	111	108	109	108	104	104	99	95	97	97	98	96	98	94	99	98	99	110	129	182	175	78	66	66	61	64	69	62	84	84	39	43	39	59	55	59	65	65	64	64	64	62	59	61	62	62	60	58	57	58	60	58	58	62	61	60	60	57	59	55	53	58	55	55	57	60	59	61	57	54	56	59	60	65	62	86	147	148	146	144	143	137	137	139	144	145	145	141	144	141	143	140	142	137	140
218	218	218	218	218	218	218	218	219	218	217	218	220	220	220	220	220	220	220	220	221	220	219	217	212	217	232	217	219	83	75	66	65	153	81	103	100	102	104	105	105	105	103	108	113	110	110	108	100	104	102	103	107	108	103	102	99	99	100	103	102	99	97	98	96	100	100	100	97	105	101	101	108	123	179	183	76	71	65	63	62	66	61	86	91	38	40	47	66	61	58	54	58	59	62	64	64	60	61	62	58	58	60	63	63	63	58	58	61	61	60	59	58	60	56	56	60	58	55	61	63	59	59	58	56	56	57	59	60	59	83	154	150	149	149	149	149	148	146	145	143	147	145	145	147	145	140	138	140	145
218	218	218	218	221	217	219	219	215	218	214	223	220	220	221	215	205	200	203	196	201	191	174	160	139	148	222	237	218	72	59	66	61	129	99	96	98	100	102	104	107	113	115	108	101	107	111	109	101	100	99	100	97	102	98	98	98	99	100	101	96	98	100	103	107	110	109	110	111	112	111	109	105	126	177	185	74	67	63	66	57	56	63	85	88	38	41	47	60	54	55	58	59	61	64	66	65	62	61	54	59	62	65	65	63	56	62	61	60	59	58	58	56	56	57	57	56	55	56	60	53	54	56	57	52	56	55	61	74	71	90	159	149	146	146	141	144	147	143	143	140	143	144	142	143	143	144	146	141	144
218	218	218	218	216	215	210	211	193	199	198	196	194	182	167	152	124	105	91	83	78	76	72	68	68	135	226	210	206	60	64	63	60	108	101	92	95	96	99	101	106	101	98	100	98	97	97	100	98	96	96	97	99	100	98	102	106	105	104	103	110	110	110	110	106	107	103	101	101	103	103	103	102	126	177	181	70	71	70	66	68	62	68	98	81	37	42	46	63	59	61	64	62	62	63	64	58	57	61	60	59	61	63	63	65	58	59	56	57	56	55	53	58	57	58	61	62	58	56	59	56	56	57	57	56	57	55	59	68	70	95	160	141	139	151	147	142	137	141	149	147	145	145	148	149	148	147	146	140	143
218	218	218	218	220	196	147	137	116	104	89	78	86	79	73	68	65	64	66	67	59	60	61	62	71	111	176	161	120	56	58	51	59	91	98	86	92	93	96	98	97	99	101	101	103	105	106	103	103	102	103	105	103	100	101	106	105	107	109	111	106	105	103	100	101	104	102	102	98	100	102	102	101	126	177	177	69	67	65	65	64	68	74	99	81	41	40	42	63	61	64	65	67	67	66	66	58	55	56	56	61	61	62	63	62	61	64	65	64	65	63	59	63	61	59	61	61	61	63	66	72	75	78	82	86	87	95	104	104	106	133	187	185	172	165	152	132	142	151	143	142	138	137	144	139	142	145	146	151	149
218	218	218	218	215	164	74	65	75	68	66	59	74	71	70	64	62	66	67	63	63	63	62	61	57	113	57	45	53	65	52	51	49	92	94	98	100	102	104	106	109	111	112	108	109	109	108	105	101	101	102	105	105	101	104	104	105	105	105	106	111	110	108	106	103	106	103	103	104	105	105	103	101	129	180	175	66	67	67	65	66	71	71	98	80	41	40	47	66	64	65	62	63	63	63	64	69	64	65	65	68	65	62	63	61	63	65	67	61	69	79	83	72	78	83	84	87	94	101	100	94	95	96	98	100	95	98	101	105	103	133	184	172	187	190	185	176	157	132	151	153	147	141	140	144	147	149	146	147	144
219	219	219	219	213	151	73	72	68	63	66	65	65	67	66	61	56	57	60	65	64	61	58	59	54	123	43	39	43	57	57	53	61	104	100	100	100	101	100	105	101	102	105	106	108	109	108	104	102	104	110	108	107	108	104	105	111	108	109	115	109	111	110	110	111	105	100	101	102	101	102	105	105	140	176	179	64	64	66	67	69	65	67	103	77	44	47	50	67	70	63	62	59	61	63	63	61	67	63	68	70	77	93	102	102	101	101	103	97	103	108	107	97	99	103	99	97	100	101	97	99	94	90	92	96	91	94	92	96	99	124	184	176	184	179	184	177	184	179	186	179	186	186	174	156	149	141	140	143	139
219	219	219	219	217	148	74	69	63	60	61	60	66	63	58	55	57	56	56	57	58	57	58	62	60	125	41	40	46	59	57	51	56	99	95	97	100	103	101	99	107	107	107	107	106	106	105	103	100	100	106	108	103	108	109	108	107	109	108	104	103	101	101	105	105	109	112	107	102	104	104	102	108	142	173	172	66	65	64	63	64	64	69	107	84	46	45	56	81	85	85	87	97	99	101	101	100	102	95	100	104	99	109	104	105	103	103	104	105	103	100	97	99	102	104	102	95	97	100	97	100	98	95	92	95	92	95	94	95	93	116	151	185	180	192	174	184	190	187	182	184	185	183	178	180	182	183	182	151	120
220	220	220	220	218	137	71	64	62	62	61	60	59	56	54	56	55	56	59	60	61	58	57	60	65	125	36	42	50	62	58	51	61	102	98	102	97	103	104	104	106	105	104	102	109	108	107	107	103	101	106	110	111	108	102	104	102	99	99	103	111	106	109	111	113	112	110	110	108	110	109	104	102	142	172	174	80	83	89	93	96	97	97	131	82	44	44	68	106	105	106	106	108	107	104	99	99	104	100	108	114	94	106	96	101	98	96	95	99	105	108	104	109	122	130	133	147	93	89	84	81	80	77	73	68	67	63	60	70	76	105	164	153	137	122	136	201	211	188	189	193	185	179	182	184	181	178	179	185	186
221	221	221	221	222	132	76	68	61	64	60	61	60	60	57	54	55	57	59	58	61	60	60	64	65	120	30	44	50	63	60	54	64	103	95	98	98	100	99	101	102	102	101	101	101	99	99	101	104	104	108	106	110	113	110	110	109	108	108	110	114	109	115	109	98	96	97	104	108	107	106	105	100	143	173	178	107	106	105	104	103	103	98	126	82	45	44	69	106	102	104	103	102	103	103	101	95	109	114	122	117	126	99	100	95	92	88	86	84	81	78	76	118	134	132	121	131	70	59	56	56	53	51	53	53	57	55	57	65	56	77	141	128	139	154	131	109	117	177	200	116	141	171	184	189	192	189	179	179	185
221	221	221	221	223	113	72	68	62	59	58	61	61	57	58	57	57	58	60	61	60	59	60	63	62	116	39	31	57	64	59	59	64	107	94	97	92	99	103	112	115	115	114	114	111	108	101	103	100	100	101	96	95	95	95	97	98	86	108	101	108	111	111	110	112	103	103	105	98	102	96	98	108	139	174	175	102	101	100	100	97	96	97	139	65	48	39	66	102	96	98	97	96	93	89	88	71	136	151	147	147	149	81	66	56	56	64	61	58	55	55	62	34	60	57	58	55	53	55	57	62	59	56	57	59	57	59	56	52	45	71	149	138	133	124	143	83	72	71	145	141	154	140	121	91	104	129	162	176	196
221	221	221	221	221	104	69	67	62	59	58	61	61	58	59	58	59	58	58	58	54	55	59	63	61	130	31	37	50	61	57	55	65	111	109	105	111	109	103	108	101	105	108	106	105	107	97	97	102	103	103	104	103	102	100	99	97	99	97	96	104	116	108	102	107	109	107	102	110	109	108	103	105	138	162	176	97	98	98	96	95	89	90	133	59	40	46	59	74	68	67	63	61	65	67	61	68	46	71	72	66	65	57	65	64	65	63	62	59	62	63	60	44	66	49	48	44	49	53	52	54	53	55	57	53	48	58	57	51	52	73	144	134	136	133	139	69	68	97	127	133	141	141	147	153	153	145	134	128	184
221	221	221	221	224	96	73	67	62	59	58	61	61	59	61	61	60	60	60	61	61	60	62	64	53	127	27	36	58	73	75	75	78	104	105	104	103	100	93	99	101	106	107	102	102	104	96	102	108	111	107	106	108	110	109	107	113	114	100	108	97	98	96	132	138	151	175	108	90	89	95	91	91	135	141	133	78	80	81	77	78	76	73	96	104	107	96	72	61	59	63	60	59	59	59	60	58	60	76	51	48	51	53	58	59	62	55	56	64	60	57	59	45	71	44	46	42	54	58	55	55	56	56	56	58	53	60	58	54	57	77	140	139	134	132	139	68	68	117	125	130	132	134	137	148	145	143	137	148	68
221	221	221	221	223	90	77	60	62	59	58	61	62	60	63	63	60	61	64	66	65	69	76	84	86	115	32	38	86	96	94	94	98	104	102	97	101	104	102	108	100	103	106	107	112	99	100	112	121	136	137	137	148	154	161	163	163	196	93	91	87	90	91	104	109	97	84	102	101	103	102	103	91	145	171	173	66	69	70	66	73	69	64	78	57	51	45	54	71	69	71	65	64	65	65	64	64	43	87	57	48	50	56	55	51	53	58	58	54	52	51	53	43	77	46	47	43	55	53	52	49	52	54	53	50	55	55	57	59	50	79	140	139	131	134	142	74	77	123	141	141	135	133	131	144	138	141	137	127	91
224	218	222	224	228	81	70	66	60	61	62	71	79	80	78	81	86	98	112	100	97	99	101	103	98	100	41	40	92	102	87	94	91	103	108	103	106	107	123	136	128	131	95	81	90	72	147	170	159	155	148	144	140	133	127	127	121	120	102	99	101	101	98	85	47	57	55	99	104	104	102	99	102	154	179	174	64	74	73	72	82	74	82	90	63	54	54	54	57	54	60	59	52	52	57	58	57	47	79	54	47	48	59	54	56	56	54	60	52	54	56	56	41	74	48	43	46	55	52	51	50	55	57	60	63	58	55	62	59	61	85	143	139	130	129	144	69	71	172	124	135	135	133	131	137	137	136	141	140	95
221	220	222	220	220	95	99	100	97	101	101	103	95	103	96	102	101	105	96	96	95	96	97	98	90	94	37	38	84	97	92	92	87	89	84	83	84	95	116	124	118	103	102	110	102	99	77	53	51	48	43	41	51	59	71	84	104	106	96	101	99	100	101	91	46	54	52	103	98	101	106	110	108	161	179	170	67	62	66	59	53	57	65	81	63	54	52	51	56	52	54	56	57	55	57	54	56	45	79	54	45	43	53	52	51	52	49	52	55	56	57	56	42	75	49	43	40	58	62	58	56	57	52	50	51	53	54	57	50	55	84	148	141	129	125	140	67	71	179	118	129	132	133	129	129	132	131	133	135	91
222	224	223	222	221	108	104	96	95	100	99	96	103	105	98	107	108	101	97	107	101	101	100	99	103	92	26	34	76	76	71	69	80	97	98	95	100	95	85	60	56	86	105	103	96	94	82	58	50	47	43	41	39	30	26	45	74	82	105	108	103	102	100	91	49	55	54	110	105	103	102	103	105	163	178	171	57	63	60	57	51	57	63	78	62	53	51	51	56	54	51	55	55	54	58	58	53	43	77	53	47	44	54	55	54	58	58	62	57	57	56	54	44	76	49	43	43	53	53	52	51	52	49	48	49	47	46	55	56	55	78	137	137	123	120	133	69	68	180	126	128	131	133	130	128	132	131	131	129	88
213	214	211	218	225	115	103	102	97	102	102	103	99	111	147	150	161	101	90	83	73	70	64	60	56	110	99	94	57	52	53	47	80	102	101	91	103	100	88	55	41	88	101	99	102	96	81	57	54	50	44	41	32	32	31	32	15	30	107	94	103	101	100	94	45	52	52	106	106	103	102	106	101	163	175	170	58	63	63	60	60	57	67	79	60	53	54	55	57	61	56	56	60	58	58	54	51	41	76	52	45	46	59	57	58	60	56	54	56	56	54	50	46	78	50	43	46	57	55	52	52	55	54	56	61	59	57	63	56	55	80	144	139	130	131	141	68	71	177	126	140	138	136	136	133	133	130	133	126	87
213	210	204	216	228	86	89	83	78	74	69	66	66	64	83	81	76	72	58	58	60	59	56	55	48	87	47	39	54	52	51	48	80	91	92	96	101	92	97	62	37	99	99	100	97	98	76	65	57	50	45	38	33	25	26	43	14	21	92	98	93	95	97	106	46	55	58	101	111	108	100	96	101	165	177	163	59	63	61	61	66	58	62	80	62	55	52	54	69	65	65	59	62	58	58	57	52	43	76	52	46	43	57	55	63	61	58	57	59	55	50	55	47	66	43	44	47	50	48	46	49	49	53	52	50	54	56	55	51	48	70	143	132	131	125	148	69	77	175	118	135	134	134	133	138	141	139	133	138	85
151	166	173	195	190	63	63	61	60	58	55	54	56	53	68	45	44	53	52	56	55	56	57	57	53	91	50	43	54	56	55	49	90	98	96	103	101	93	96	62	41	96	102	101	96	96	77	68	57	50	45	39	35	27	28	45	14	24	98	103	102	103	100	104	46	56	60	102	96	101	100	101	100	167	177	163	60	63	60	58	58	60	59	77	59	55	55	59	60	57	57	53	56	54	56	52	52	45	76	52	44	46	63	60	57	56	55	56	55	60	60	59	46	66	46	49	41	51	57	62	52	55	61	58	65	62	56	49	55	50	69	137	143	133	136	138	69	79	178	123	134	134	133	132	135	128	135	137	134	81
172	175	174	199	164	62	65	55	56	55	55	56	53	51	80	48	42	60	57	56	62	61	59	57	53	89	47	42	54	59	55	50	85	99	99	99	94	88	89	56	41	93	100	98	97	96	76	70	58	51	46	40	36	29	29	46	13	27	103	105	97	101	101	104	52	61	61	97	101	106	106	107	99	170	176	162	60	63	59	57	65	64	56	85	59	55	53	52	58	58	57	58	60	60	62	56	52	48	76	52	45	47	61	54	55	54	55	58	60	59	53	52	48	67	43	43	41	49	51	50	59	51	49	52	50	50	52	54	51	49	70	137	130	132	117	141	72	82	181	128	139	139	138	137	133	132	143	133	136	83
204	209	211	205	190	66	63	70	63	61	61	62	59	47	83	51	38	59	57	60	57	56	55	54	53	87	45	42	55	58	50	51	90	99	97	100	91	86	84	52	41	99	100	99	101	98	76	69	58	52	47	40	36	28	28	45	10	26	102	100	93	99	101	104	53	64	66	101	97	96	92	97	99	173	175	162	66	70	68	67	68	64	64	89	56	55	56	57	54	57	55	60	60	57	57	55	53	51	75	51	46	44	57	53	55	54	54	56	57	59	56	53	51	69	45	45	44	53	55	52	53	50	53	56	60	57	55	55	52	51	70	134	136	131	126	141	73	82	180	124	143	143	142	141	142	136	135	138	137	85
200	202	209	206	186	72	68	59	60	62	61	58	57	48	83	51	41	56	57	56	60	59	56	55	53	82	63	45	48	55	51	46	94	97	94	98	97	89	71	53	42	96	102	104	97	97	73	71	61	54	49	42	34	33	25	50	9	33	93	96	103	95	93	105	50	53	66	106	100	102	100	101	103	173	184	161	72	74	66	65	64	64	62	85	60	52	52	61	55	57	59	59	56	59	58	53	45	47	71	42	48	44	55	57	61	59	56	54	59	59	56	52	48	64	57	42	48	62	55	52	57	53	57	56	60	55	51	53	59	58	81	141	142	136	136	130	73	79	181	120	141	134	144	140	131	131	130	128	126	79
196	199	207	206	182	64	66	55	54	57	61	62	55	47	79	54	42	57	62	58	54	55	55	56	59	80	68	56	59	51	56	48	102	104	99	102	96	88	65	47	41	95	98	99	97	97	73	71	61	54	49	42	36	34	28	52	11	38	97	98	101	105	93	104	47	61	61	108	103	104	99	98	97	169	177	155	66	65	66	62	62	64	65	90	45	55	51	58	66	64	61	58	56	55	53	53	57	51	53	38	39	51	45	58	55	57	60	63	59	57	53	49	84	137	165	167	147	55	69	54	62	57	58	60	51	54	59	63	62	57	78	139	136	134	122	146	216	220	237	144	140	137	134	133	129	136	140	135	133	82
204	204	211	210	170	75	72	61	61	61	61	61	54	46	68	53	42	53	52	59	60	59	57	56	64	72	65	55	63	63	57	52	97	101	96	96	94	89	64	54	47	103	100	99	97	97	73	71	61	54	49	42	39	33	29	53	8	41	98	96	97	99	102	111	58	56	61	95	96	101	100	100	102	176	179	159	70	68	72	67	62	63	60	83	54	52	57	55	54	55	58	62	60	55	53	57	53	80	139	161	159	129	63	66	64	63	62	60	63	59	54	52	64	75	71	77	54	61	58	58	64	62	60	61	64	58	55	60	59	54	74	137	126	136	139	133	165	156	145	149	140	141	130	130	139	137	135	135	133	111
112	107	109	106	111	71	52	53	60	57	55	55	57	46	58	49	34	63	52	60	60	59	58	57	60	64	68	59	56	53	51	48	94	100	98	98	95	92	62	56	53	110	102	98	97	97	73	71	61	54	49	42	38	30	29	52	7	46	100	95	98	105	97	103	70	75	87	95	95	101	101	100	96	172	171	152	70	71	66	64	65	67	68	93	116	114	103	69	53	51	51	55	55	53	52	55	54	69	68	66	70	65	59	61	61	60	60	59	58	54	51	53	56	51	53	49	60	53	60	57	57	63	59	56	55	56	57	56	57	56	80	142	137	131	135	133	137	132	119	124	130	133	133	133	133	132	133	136	130	229
146	147	147	145	95	62	61	62	64	68	64	62	52	48	55	24	19	60	61	53	57	59	59	55	61	60	63	52	59	49	52	49	107	99	93	96	95	99	46	52	54	103	101	92	96	95	77	68	61	57	49	42	32	31	33	56	10	58	106	99	97	107	99	109	123	114	108	105	105	106	108	107	99	171	175	144	67	68	65	62	61	61	60	94	53	65	68	61	62	66	59	62	60	54	59	54	50	59	60	67	60	58	54	59	65	58	66	65	65	59	56	60	53	51	50	52	59	58	59	63	58	52	52	53	53	58	60	53	62	52	72	143	139	133	137	132	141	140	137	130	136	139	138	133	134	132	137	138	128	146
151	148	146	145	100	67	59	55	57	56	55	56	58	47	37	13	25	55	53	55	55	57	57	54	62	47	39	31	62	54	54	46	97	101	101	95	94	100	119	146	134	106	98	98	99	97	78	69	61	57	49	42	34	30	29	55	11	57	98	94	100	101	95	93	91	90	98	106	108	104	101	101	93	167	172	141	78	68	70	69	66	62	62	98	55	56	54	64	69	70	63	65	66	61	64	61	53	58	60	64	60	59	57	62	73	72	63	63	59	61	61	58	58	57	56	57	60	63	67	69	67	58	57	65	60	60	63	67	65	55	70	140	136	135	137	130	131	130	130	131	134	137	139	137	139	135	133	129	124	131
141	141	142	144	82	58	56	57	57	52	54	54	57	52	36	12	32	61	53	60	53	56	57	55	50	44	44	34	54	51	51	47	99	99	98	97	99	96	95	89	94	93	108	98	102	97	77	70	61	57	49	42	40	36	32	54	10	60	98	96	94	95	100	97	94	92	96	98	99	96	94	98	100	174	179	146	73	67	74	66	60	62	68	94	50	46	41	66	67	65	59	60	64	61	61	61	58	57	59	59	66	65	59	58	61	57	62	54	57	55	55	57	56	56	56	56	55	57	59	56	54	54	58	57	62	54	49	53	57	52	65	139	136	138	138	136	138	135	133	135	135	135	134	132	134	132	136	137	137	135
144	148	149	144	84	64	57	55	61	56	61	52	56	72	104	117	86	61	66	69	52	55	57	55	56	70	81	55	65	58	50	49	103	100	96	95	99	107	106	100	96	97	95	102	102	96	74	68	61	57	49	42	37	29	31	69	42	79	98	96	98	99	98	97	99	100	106	108	108	108	107	107	96	171	173	135	70	66	65	63	67	62	69	98	35	40	38	62	63	59	58	59	55	55	55	59	59	53	55	52	57	58	54	54	62	57	58	55	50	51	53	52	54	56	57	55	55	55	57	61	56	56	59	55	54	55	57	60	58	55	64	140	132	134	131	140	132	134	135	135	140	138	137	137	141	138	138	136	131	131
142	161	139	143	69	60	57	56	58	57	52	52	54	73	82	72	62	54	55	54	49	52	64	65	59	33	43	37	55	56	53	51	100	96	93	96	94	97	99	97	102	100	97	95	95	90	71	65	62	57	53	46	37	37	29	49	8	65	102	93	95	95	96	97	103	105	108	111	107	112	109	105	97	167	177	135	71	67	66	63	65	55	64	105	38	48	37	53	60	55	71	68	58	57	54	49	53	47	46	53	64	60	54	53	59	54	59	60	61	55	51	54	54	50	56	58	52	58	56	53	55	61	57	57	60	59	52	62	62	45	74	146	133	135	135	133	132	131	130	131	134	137	131	130	135	141	142	142	141	138
143	135	143	119	72	64	64	63	62	60	55	56	53	49	43	49	58	66	66	59	62	57	55	52	71	28	32	36	50	51	48	48	95	94	93	93	93	93	93	95	99	98	96	94	95	90	71	65	58	53	49	42	38	36	30	49	6	68	102	96	96	97	97	98	100	100	101	102	105	109	108	106	108	174	174	128	68	64	63	59	59	62	55	97	31	42	37	56	69	59	58	61	58	58	55	52	59	57	53	48	46	53	59	57	54	55	60	58	51	52	54	58	61	57	58	58	59	62	58	53	57	54	61	56	51	51	53	67	62	62	81	137	132	128	128	135	136	133	130	131	136	133	134	132	134	133	133	134	139	139
139	152	136	99	65	60	61	59	63	62	56	57	53	58	58	55	53	59	56	56	56	52	48	52	68	34	18	33	51	50	49	52	96	97	96	94	96	94	94	97	98	97	95	94	95	90	71	65	58	53	49	42	38	35	32	49	6	74	101	100	99	99	100	101	101	100	100	99	99	103	101	101	107	177	175	130	72	67	66	63	64	59	58	98	42	45	41	60	60	61	56	57	54	55	54	52	54	52	52	55	61	60	59	60	59	61	58	52	55	56	57	58	58	58	58	60	53	56	55	55	54	54	50	54	52	55	58	53	56	58	72	144	135	135	134	131	123	124	127	130	134	130	134	134	135	131	135	139	128	132
141	149	98	80	67	62	62	57	60	59	53	54	57	53	49	57	59	56	59	62	61	61	54	54	77	47	42	53	51	50	49	55	98	95	94	95	96	97	98	98	98	98	97	97	95	90	71	65	59	54	50	43	38	34	34	49	8	81	100	101	101	101	102	103	101	101	102	102	102	103	99	99	101	180	179	132	68	64	63	60	52	56	54	98	44	57	54	48	58	56	56	53	55	56	57	56	61	60	57	55	55	56	59	60	61	63	58	56	57	54	52	56	60	61	55	55	51	53	51	53	49	52	51	50	52	51	56	50	49	51	68	135	129	129	129	130	128	135	138	133	126	130	130	132	135	130	135	133	133	131
149	140	153	57	57	59	59	54	51	46	48	53	54	53	53	56	51	55	53	55	53	57	56	53	83	34	52	56	51	47	51	59	98	91	94	91	96	101	102	103	103	100	95	93	96	88	71	66	60	53	48	44	43	32	35	39	3	80	101	95	100	100	104	111	104	103	101	101	102	103	103	101	105	166	171	124	66	61	55	53	56	50	61	107	90	79	65	67	64	54	51	55	54	52	57	55	53	51	50	51	53	55	55	52	54	56	53	52	50	54	50	52	58	55	50	54	57	54	61	59	62	61	59	59	56	55	58	56	58	54	69	135	132	138	136	130	129	128	126	122	126	128	128	133	132	132	131	131	133	137
150	146	141	50	57	57	56	55	57	54	55	54	55	55	54	51	51	56	56	55	55	58	57	52	82	39	32	40	50	47	50	60	97	90	94	91	91	102	105	100	99	97	96	96	95	88	70	66	60	53	48	43	40	33	34	37	0	78	103	98	95	99	100	97	99	97	96	97	98	99	98	96	98	166	169	107	57	56	55	54	58	58	62	102	12	11	13	62	59	61	66	62	55	54	60	59	61	61	60	56	54	54	56	59	57	60	60	61	55	63	64	65	62	66	65	62	67	64	58	62	65	65	65	65	63	62	64	62	59	55	70	141	136	141	138	135	134	129	127	132	128	128	123	123	126	120	118	119	125	126
107	138	62	53	61	60	59	60	58	56	56	52	50	54	57	56	56	57	58	56	53	55	53	49	70	41	20	48	48	48	49	63	96	90	95	92	105	106	101	99	101	98	95	93	94	87	70	65	59	52	47	42	43	34	26	27	4	71	85	92	94	92	93	96	99	98	98	99	103	103	102	99	100	167	174	121	75	67	65	74	71	67	64	108	5	10	8	65	71	66	65	64	62	61	66	66	69	65	64	70	64	61	60	63	63	64	60	58	59	65	63	63	63	62	59	63	66	70	63	61	62	63	61	57	59	57	58	56	61	59	68	137	136	138	135	136	134	135	133	129	131	133	130	129	133	130	132	125	126	130
122	77	117	17	64	65	64	61	59	54	54	55	55	55	57	60	63	56	57	58	58	55	53	58	85	62	75	55	46	49	48	65	95	89	95	93	97	99	95	94	94	93	93	95	94	86	69	65	58	51	46	42	38	33	35	56	47	98	91	88	100	100	101	103	98	98	98	100	103	103	101	97	108	171	173	119	80	74	70	74	69	69	72	108	8	9	9	65	61	69	76	66	63	60	63	60	64	62	61	61	57	59	59	59	59	61	59	59	60	61	58	63	57	58	56	59	59	57	59	59	52	57	61	61	61	59	59	56	59	64	72	137	139	137	131	134	137	138	137	133	133	137	135	133	131	121	126	125	123	131
128	72	148	54	62	59	60	63	54	55	51	51	54	47	56	51	49	52	44	48	58	53	54	53	91	15	16	37	53	52	49	71	94	94	94	97	97	100	100	96	101	98	98	93	95	83	68	64	56	51	45	41	32	34	37	21	3	86	102	94	99	98	99	103	97	100	98	99	101	103	102	99	106	179	171	102	69	64	61	66	60	64	67	100	9	9	9	68	58	59	59	60	59	62	59	62	69	59	60	62	59	63	65	62	59	65	58	61	60	64	63	63	62	61	54	61	60	62	64	64	60	60	60	60	58	58	60	59	59	59	74	139	140	140	144	144	135	141	138	140	141	139	139	133	140	129	132	131	136	130
34	33	19	55	54	60	51	55	60	58	54	58	63	63	64	66	65	67	61	64	72	61	59	60	88	11	15	44	50	50	49	73	94	94	95	98	98	100	102	100	100	98	100	98	95	83	68	64	58	53	45	39	34	34	37	20	6	92	104	97	104	108	110	106	108	110	105	104	108	108	105	100	111	179	173	103	67	71	71	64	68	70	71	102	6	11	8	57	60	60	60	60	60	61	58	60	57	68	65	64	67	66	63	61	56	60	55	57	56	60	58	57	64	69	66	59	65	61	58	63	60	59	58	57	56	56	56	65	60	54	68	141	138	142	135	134	139	136	136	134	136	135	139	138	133	142	138	138	135	131
115	85	43	38	63	57	62	65	64	61	57	65	68	70	62	64	61	61	59	59	69	60	62	68	94	11	11	49	48	49	50	75	94	94	96	99	101	102	102	102	96	95	98	97	95	83	68	64	60	54	45	39	37	33	39	17	4	96	100	96	102	98	96	99	97	101	100	102	98	100	100	98	114	173	172	99	68	67	65	62	61	65	67	104	7	8	6	63	61	59	57	56	62	59	59	60	67	62	64	62	65	63	63	64	59	59	57	59	59	66	68	72	66	65	65	64	63	64	64	62	62	62	61	60	58	62	62	60	64	61	74	139	137	143	137	140	139	134	140	139	140	137	137	136	131	135	136	129	133	130
76	123	83	117	78	70	72	72	59	60	60	65	61	64	63	63	65	65	65	63	63	57	59	60	95	9	9	56	49	50	49	74	93	94	97	101	102	100	98	97	97	95	97	95	95	83	68	64	58	53	46	42	39	32	40	15	7	103	101	99	104	101	101	106	101	103	100	100	99	101	102	99	118	170	173	97	65	63	61	62	59	62	64	102	5	8	9	66	67	65	62	59	62	58	63	66	63	65	68	67	66	68	69	66	61	59	59	60	61	65	64	63	69	63	64	64	64	63	62	61	59	60	61	63	63	56	64	60	60	57	72	140	141	138	136	139	138	140	139	140	144	138	136	134	133	140	136	133	137	132
51	62	39	50	58	62	60	59	66	63	64	73	64	60	59	65	59	58	58	59	57	64	65	58	93	17	15	55	46	53	51	74	87	94	93	97	99	96	98	96	96	97	98	97	96	85	71	68	59	52	47	40	36	30	47	15	2	89	95	96	97	107	101	98	107	108	102	105	104	105	101	99	113	172	182	99	72	68	72	71	73	61	64	106	9	3	14	61	67	70	63	58	58	61	66	71	65	79	68	63	66	60	60	59	65	58	61	62	63	60	61	68	68	77	77	78	74	55	59	51	59	64	61	62	63	61	61	55	67	59	70	137	145	135	140	132	89	117	119	122	143	139	133	129	134	130	139	135	138	138
70	84	36	55	65	56	64	60	59	59	60	63	67	67	66	64	66	65	64	65	59	64	69	71	82	15	15	59	49	51	51	79	93	94	100	104	104	110	114	102	94	95	95	94	96	85	70	67	60	54	49	42	36	30	46	14	5	94	91	100	102	108	101	97	95	97	96	101	107	98	106	105	120	173	173	106	97	94	95	94	91	96	101	115	8	19	8	69	67	66	60	60	59	63	68	73	70	80	89	99	96	78	63	63	61	57	59	60	59	63	64	59	87	98	98	99	89	65	66	63	67	74	72	65	60	53	52	53	54	53	66	141	130	140	139	142	175	181	169	138	131	131	133	136	134	130	135	129	142	134
77	96	36	47	62	64	61	59	57	59	60	58	64	65	66	69	64	63	61	61	71	69	65	64	82	21	14	61	54	53	55	77	92	90	99	102	93	92	94	89	93	94	93	91	95	84	68	64	56	50	46	40	36	30	45	13	5	99	92	92	105	105	100	96	96	95	96	98	101	101	98	96	120	168	168	117	91	93	95	98	93	93	94	115	6	11	8	75	68	60	54	52	57	59	62	64	69	81	96	106	96	82	62	61	54	56	57	57	54	52	53	60	86	101	96	94	95	59	46	61	55	54	56	58	57	57	61	59	59	61	69	137	127	133	136	142	185	175	175	147	140	138	134	133	134	132	140	135	132	116
23	42	28	51	65	63	62	59	58	59	60	61	59	68	74	67	69	67	64	64	50	56	64	70	70	18	18	85	84	86	85	88	91	93	91	92	95	92	95	95	94	94	93	90	95	83	67	62	57	51	48	42	37	29	44	11	9	96	94	95	99	97	98	99	96	95	100	101	97	96	98	98	130	174	178	115	94	97	92	91	90	89	89	114	10	9	9	61	59	55	58	57	61	60	58	56	54	86	105	108	104	84	52	52	51	58	57	58	50	56	61	59	86	109	107	109	110	59	70	51	55	49	51	51	54	53	59	60	53	56	67	121	126	139	134	144	191	181	180	146	138	136	135	135	132	131	137	133	123	170
18	9	20	71	67	60	59	59	61	55	55	66	67	97	86	88	57	60	62	63	62	61	58	63	64	16	13	87	85	89	83	87	83	91	97	94	85	95	105	95	95	94	93	95	96	83	67	60	55	48	43	39	39	34	54	10	11	98	95	107	108	107	111	113	118	113	95	112	105	105	103	99	116	166	175	106	94	94	93	93	91	96	92	110	7	12	13	55	61	64	64	62	64	69	64	67	59	164	172	178	176	148	75	67	74	74	75	77	74	81	74	83	149	160	156	153	186	75	79	72	73	74	69	73	76	67	72	71	64	62	86	157	135	122	90	118	213	219	205	169	131	137	134	134	133	138	143	132	133	188
50	99	96	64	61	66	61	60	59	62	67	67	82	93	97	78	66	66	66	66	58	68	72	70	56	16	17	82	90	87	75	91	87	93	97	94	113	129	132	131	88	87	86	88	86	72	62	59	55	48	43	38	42	36	53	4	0	88	82	83	88	87	128	158	152	169	103	84	92	92	90	87	124	159	155	84	74	74	74	74	74	68	71	112	84	92	78	79	75	68	60	60	66	71	64	66	65	61	76	76	68	74	65	56	54	55	58	63	68	60	60	60	37	40	45	43	35	54	48	58	54	60	59	56	62	53	54	55	55	51	61	134	133	128	147	146	69	88	108	151	156	149	130	113	101	96	99	104	107	198
133	127	62	63	68	75	65	60	61	61	66	68	97	140	128	109	68	66	64	64	63	68	69	74	43	8	13	73	69	76	67	87	87	91	95	94	92	105	110	117	91	90	89	90	98	77	66	62	52	45	40	35	35	30	50	8	16	98	98	97	102	96	70	41	37	28	85	102	101	102	101	99	133	176	173	76	63	63	64	65	64	70	62	101	21	22	24	57	64	62	66	65	57	64	62	68	73	60	34	20	35	45	66	62	57	57	56	58	61	64	60	59	54	30	16	19	23	60	54	65	67	64	64	66	65	59	59	61	65	67	72	133	140	139	138	140	25	41	52	82	135	133	136	134	145	145	150	149	166	101
57	108	124	77	69	68	64	64	66	64	69	72	106	112	116	92	59	56	54	57	51	55	60	72	96	96	87	54	53	51	44	94	87	91	97	99	84	48	38	42	96	95	94	96	101	76	65	60	58	51	46	42	27	26	63	44	48	103	110	110	98	109	75	34	12	29	104	100	108	109	109	107	139	183	180	72	62	63	65	67	61	70	75	103	15	23	34	60	68	60	63	61	56	64	64	71	64	54	30	19	9	34	64	62	57	56	56	58	65	66	68	63	43	35	18	9	2	58	62	64	61	57	60	60	58	62	64	65	65	58	70	129	142	130	131	145	29	21	67	73	138	132	135	131	139	130	128	131	108	49
107	89	111	58	51	57	56	58	57	61	59	58	49	23	20	39	58	59	62	58	61	66	76	61	42	24	24	52	51	54	47	91	93	94	94	94	80	47	26	29	98	97	96	97	101	78	69	64	59	51	47	42	36	34	66	5	15	98	104	105	99	97	90	34	18	21	102	104	107	104	97	98	135	173	176	65	61	62	63	62	60	65	71	102	30	28	28	77	63	62	60	58	58	64	63	62	58	68	17	10	10	35	63	58	59	60	61	60	56	61	62	61	52	37	8	8	2	64	68	58	59	63	66	63	64	54	53	55	51	59	61	136	139	138	140	140	25	28	60	89	138	137	136	139	144	131	131	136	138	27
87	53	63	57	63	62	54	56	54	63	64	57	61	15	4	38	59	59	63	62	64	63	57	50	35	27	25	50	48	52	50	95	96	96	96	93	82	45	27	24	95	94	94	95	97	74	65	60	56	49	44	40	33	33	66	7	23	97	97	101	106	102	93	34	23	28	96	104	103	102	95	96	138	175	178	67	67	68	68	66	64	62	67	102	31	34	22	58	60	59	58	57	56	66	66	57	57	68	17	9	7	31	58	58	63	61	62	65	71	66	60	61	52	37	8	7	3	58	58	60	69	61	55	58	57	61	66	61	61	69	66	134	134	138	125	133	49	27	71	88	131	133	132	132	128	131	135	126	137	27
84	55	88	67	61	58	51	57	56	60	56	58	74	16	3	45	63	59	61	64	56	63	58	48	31	38	29	54	54	55	54	95	100	102	101	97	87	40	27	22	96	95	95	96	99	76	66	62	55	48	43	38	31	31	65	7	20	100	103	103	100	97	92	33	35	23	100	104	101	102	97	97	137	174	176	64	63	66	69	70	76	69	72	103	23	32	25	59	57	58	58	58	59	63	61	61	57	69	19	9	13	37	57	56	52	53	59	69	62	65	63	60	53	37	7	6	0	68	68	64	64	63	61	59	56	58	57	55	58	66	65	134	139	138	137	137	32	28	107	92	135	138	137	135	126	132	133	130	138	30
95	47	56	59	59	58	53	58	58	63	58	60	78	9	0	47	65	56	55	58	61	63	65	51	28	44	27	56	56	56	58	97	92	96	98	93	93	36	27	26	95	94	94	95	98	75	66	61	56	49	44	39	33	32	64	4	29	107	107	106	100	97	93	31	27	21	103	99	103	106	103	101	139	175	176	63	59	59	58	55	57	60	76	102	36	35	35	67	57	58	60	62	66	68	62	59	51	66	19	9	3	35	56	54	59	60	63	65	65	66	62	60	53	36	6	4	3	64	55	61	59	62	63	58	57	60	58	59	60	63	57	130	135	137	135	139	34	30	104	91	138	137	134	134	129	134	132	137	130	33
61	66	74	67	64	58	55	56	57	55	56	53	91	22	0	55	67	60	62	61	57	58	56	62	22	41	36	51	55	55	60	94	100	100	98	93	90	39	27	27	94	95	96	98	98	79	67	62	54	50	41	39	36	29	67	8	35	99	100	98	95	104	97	33	36	26	98	104	97	98	99	98	141	172	181	73	61	58	64	58	61	58	69	100	30	25	28	57	58	55	59	67	59	64	71	59	58	76	25	9	2	33	60	49	58	55	52	60	58	65	56	62	53	37	7	6	8	55	59	63	60	69	67	61	58	54	63	48	51	59	54	135	134	137	128	132	29	26	90	83	141	139	136	129	125	125	130	132	137	50
104	51	61	68	63	57	55	56	66	57	55	54	93	16	0	54	60	62	66	62	59	60	55	61	25	43	36	48	47	50	61	99	96	101	101	92	87	37	28	29	97	96	96	95	98	79	67	62	54	49	43	38	36	29	67	8	39	104	105	102	102	100	99	31	26	20	95	97	101	102	103	102	142	171	181	73	72	66	66	56	50	49	62	96	33	31	33	55	55	49	57	68	49	51	59	53	51	73	23	9	3	30	54	49	64	58	57	66	61	63	53	62	52	37	8	6	7	55	59	62	57	60	62	60	58	64	62	59	64	56	68	129	128	126	132	142	26	24	89	75	126	129	132	133	130	128	129	130	132	63
